1608190278,265323520,1.33333,-3.39902e-07,0,
1608190278,305323520,1.33333,-3.39902e-07,0,
1608190278,335323648,0.0384001,0.645687,0,
1608190278,375323648,0.0299352,0.373333,0,
1608190278,395323392,0.0253268,-0.253213,0,
1608190278,435323392,1.46326,0.0819248,0,
1608190278,465323520,0.0448886,0.67626,0,
1608190278,505323520,0.0135349,0.565243,0,
1608190278,535323392,0.0135349,0.565243,0,
1608190278,575323392,0.0135349,0.565243,0,
1608190278,605323264,0.0135349,0.565243,0,
1608190278,635323392,0.0135349,0.565243,0,
1608190278,675323136,0.0135349,0.565243,0,
1608190278,705323264,0.0135349,0.565243,0,
1608190278,735323136,0.0135349,0.565243,0,
1608190278,765323264,0.0135349,0.565243,0,
1608190278,805323008,0.0135349,0.565243,0,
1608190278,835323136,0.0135349,0.565243,0,
1608190278,865323008,0.0135349,0.565243,0,
1608190278,885323008,0.0135349,0.565243,0,
1608190278,945323008,0.0135349,0.565243,0,
1608190278,965323008,0.0135349,0.565243,0,
1608190279,5323008,0.0135349,0.565243,0,
1608190279,25323008,0.0135349,0.565243,0,
1608190279,65322752,0.0135349,0.565243,0,
1608190279,105322752,0.0135349,0.565243,0,
1608190279,135322880,0.0135349,0.565243,0,
1608190279,175322880,0.0135349,0.565243,0,
1608190279,205322752,0.0135349,0.565243,0,
1608190279,235322624,0.0135349,0.565243,0,
1608190279,275322624,0.0135349,0.565243,0,
1608190279,305322752,0.0135349,0.565243,0,
1608190279,335322624,0.0135349,0.565243,0,
1608190279,365322496,0.0135349,0.565243,0,
1608190279,395322624,0.0135349,0.565243,0,
1608190279,435322624,0.0135349,0.565243,0,
1608190279,465322496,0.0135349,0.565243,0,
1608190279,505322496,0.0135349,0.565243,0,
1608190279,535322368,0.0135349,0.565243,0,
1608190279,565322496,0.0135349,0.565243,0,
1608190279,605322240,0.0135349,0.565243,0,
1608190279,645322240,0.0135349,0.565243,0,
1608190279,665322240,0.0135349,0.565243,0,
1608190279,695322368,0.0135349,0.565243,0,
1608190279,735322112,0.0135349,0.565243,0,
1608190279,775322112,0.0135349,0.565243,0,
1608190279,805322240,0.0135349,0.565243,0,
1608190279,835322112,0.0135349,0.565243,0,
1608190279,875322112,0.0135349,0.565243,0,
1608190279,895322112,0.0135349,0.565243,0,
1608190279,945321984,0.0135349,0.565243,0,
1608190279,955322112,0.0135349,0.565243,0,
1608190280,5321984,0.0135349,0.565243,0,
1608190280,35321856,0.0135349,0.565243,0,
1608190280,75321856,0.0135349,0.565243,0,
1608190280,105321984,0.0135349,0.565243,0,
1608190280,135321856,0.0135349,0.565243,0,
1608190280,175321856,0.0135349,0.565243,0,
1608190280,195321856,0.0135349,0.565243,0,
1608190280,235321856,0.0135349,0.565243,0,
1608190280,265321728,0.0135349,0.565243,0,
1608190280,305321728,0.0135349,0.565243,0,
1608190280,335321600,0.0135349,0.565243,0,
1608190280,365321728,0.0135349,0.565243,0,
1608190280,405321472,0.0135349,0.565243,0,
1608190280,435321600,0.0135349,0.565243,0,
1608190280,475321600,0.0135349,0.565243,0,
1608190280,505321472,0.0135349,0.565243,0,
1608190280,535321600,0.0135349,0.565243,0,
1608190280,565321472,0.0135349,0.565243,0,
1608190280,605321472,0.0135349,0.565243,0,
1608190280,635321344,0.0135349,0.565243,0,
1608190280,665321472,0.0135349,0.565243,0,
1608190280,705321216,0.0135349,0.565243,0,
1608190280,735321344,0.0135349,0.565243,0,
1608190280,765321216,0.0135349,0.565243,0,
1608190280,805321216,0.0135349,0.565243,0,
1608190280,835321088,0.0135349,0.565243,0,
1608190280,875321088,0.0135349,0.565243,0,
1608190280,905321216,0.0135349,0.565243,0,
1608190280,935321088,0.0135349,0.565243,0,
1608190281,35321088,0.0135349,0.565243,0,
1608190281,65320960,0.0135349,0.565243,0,
1608190281,105320960,0.0135349,0.565243,0,
1608190281,145320960,0.0135349,0.565243,0,
1608190281,175320832,0.0135349,0.565243,0,
1608190281,205320960,0.0135349,0.565243,0,
1608190281,235320832,0.0135349,0.565243,0,
1608190281,275320832,0.0135349,0.565243,0,
1608190281,305320704,0.0135349,0.565243,0,
1608190281,335320832,0.0135349,0.565243,0,
1608190281,375320576,0.0135349,0.565243,0,
1608190281,405320704,0.0135349,0.565243,0,
1608190281,435320576,0.0135349,0.565243,0,
1608190281,465320704,0.0135349,0.565243,0,
1608190281,505320448,0.0135349,0.565243,0,
1608190281,535320576,0.0135349,0.565243,0,
1608190281,575320576,0.0135349,0.565243,0,
1608190281,605320448,0.0135349,0.565243,0,
1608190281,635320320,0.0135349,0.565243,0,
1608190281,675320320,0.0135349,0.565243,0,
1608190281,695320320,0.0135349,0.565243,0,
1608190281,725320448,0.0135349,0.565243,0,
1608190281,775320320,0.0135349,0.565243,0,
1608190281,805320192,0.0135349,0.565243,0,
1608190281,835320320,0.0135349,0.565243,0,
1608190281,865320192,0.0135349,0.565243,0,
1608190281,905320192,0.0135349,0.565243,0,
1608190281,935320064,0.0135349,0.565243,0,
1608190281,965320192,0.0135349,0.565243,0,
1608190282,5320192,0.0135349,0.565243,0,
1608190282,35320064,0.0135349,0.565243,0,
1608190282,75320064,0.0135349,0.565243,0,
1608190282,105319936,0.0135349,0.565243,0,
1608190282,135320064,0.0135349,0.565243,0,
1608190282,175319808,0.0135349,0.565243,0,
1608190282,205319936,0.0135349,0.565243,0,
1608190282,235319808,0.0135349,0.565243,0,
1608190282,265319936,0.0135349,0.565243,0,
1608190282,305319680,0.0135349,0.565243,0,
1608190282,335319808,0.0135349,0.565243,0,
1608190282,375319808,0.0135349,0.565243,0,
1608190282,405319680,0.0135349,0.565243,0,
1608190282,435319552,0.0135349,0.565243,0,
1608190282,745319424,0.0135349,0.565243,0,
1608190282,765319424,0.0135349,0.565243,0,
1608190282,805319424,0.0135349,0.565243,0,
1608190282,845319168,0.0135349,0.565243,0,
1608190282,865319168,0.0135349,0.565243,0,
1608190282,895319296,0.0135349,0.565243,0,
1608190282,945319168,0.0135349,0.565243,0,
1608190282,965319168,0.0135349,0.565243,0,
1608190283,5319168,0.0135349,0.565243,0,
1608190283,35319040,0.0135349,0.565243,0,
1608190283,65319168,0.0135349,0.565243,0,
1608190283,105318912,0.0135349,0.565243,0,
1608190283,135319040,0.0135349,0.565243,0,
1608190283,165318912,0.0135349,0.565243,0,
1608190283,195319040,0.0135349,0.565243,0,
1608190283,235318784,0.0135349,0.565243,0,
1608190283,265318912,0.0135349,0.565243,0,
1608190283,295318784,0.0135349,0.565243,0,
1608190283,335318784,0.0135349,0.565243,0,
1608190283,365318656,0.0135349,0.565243,0,
1608190283,405318656,0.0135349,0.565243,0,
1608190283,445318656,0.0135349,0.565243,0,
1608190283,475318784,0.0135349,0.565243,0,
1608190283,505318656,0.0135349,0.565243,0,
1608190283,535318528,0.0135349,0.565243,0,
1608190283,565318656,0.0135349,0.565243,0,
1608190283,595318528,0.0135349,0.565243,0,
1608190283,635318528,0.0135349,0.565243,0,
1608190283,665318400,0.0135354,0.565233,0,
1608190283,705318400,0.0135385,0.565176,0,
1608190283,735318528,0.0135427,0.5651,0,
1608190283,765318400,0.0135486,0.564998,0,
1608190283,795318272,0.013556,0.564868,0,
1608190283,835318272,0.0135684,0.564652,0,
1608190283,875318272,0.0135838,0.564387,0,
1608190283,905318144,0.0277741,0.564161,0,
1608190283,935318272,0.0277919,0.563928,0,
1608190283,965318144,0.0278117,0.563683,0,
1608190284,5318144,0.0278411,0.563318,0,
1608190284,35318016,0.0278655,0.563016,0,
1608190284,65318144,0.0254544,0.562699,0,
1608190284,105318144,0.0254873,0.56231,0,
1608190284,135318016,0.025514,0.562049,0,
1608190284,165317888,0.0255423,0.561795,0,
1608190284,205317888,0.0110945,0.561461,0,
1608190284,235318016,0.0111076,0.561216,0,
1608190284,275318016,0.0111262,0.561032,0,
1608190284,305317888,0.011141,0.560912,0,
1608190284,335317760,0.0111565,0.560869,0,
1608190284,365317888,-0.0156772,0.560959,0,
1608190284,405317888,-0.0157077,0.56116,0,
1608190284,435317760,-0.0157318,0.561388,0,
1608190284,465317632,-0.0157569,0.56167,0,
1608190284,505317632,-0.0157919,0.562089,0,
1608190284,535317760,-0.0158194,0.562418,0,
1608190284,565317632,-0.0158479,0.562757,0,
1608190284,595317504,-0.0364167,0.563107,0,
1608190284,635317504,-0.0365094,0.563749,0,
1608190284,665317632,-0.0570262,0.564574,0,
1608190284,695317504,-0.0571404,0.565646,0,
1608190284,745317376,-0.0573389,0.567716,0,
1608190284,765317376,-0.0574213,0.568571,0,
1608190284,805317376,-0.0843316,0.57035,0,
1608190284,835317248,-0.0845229,0.571846,0,
1608190284,875317248,-0.0847863,0.574204,0,
1608190284,895317248,-0.109002,0.575446,0,
1608190284,945317376,-0.109449,0.578658,0,
1608190284,955317248,-0.109541,0.579339,0,
1608190285,5317120,-0.162399,0.582872,0,
1608190285,35317248,-0.19032,0.585122,0,
1608190285,65317120,-0.190833,0.587526,0,
1608190285,105317120,-0.19154,0.590822,0,
1608190285,135316992,-0.192087,0.593388,0,
1608190285,175316992,-0.192837,0.597249,0,
1608190285,205317120,-0.193415,0.600271,0,
1608190285,235316992,-0.194004,0.603336,0,
1608190285,275316992,-0.194812,0.607606,0,
1608190285,305316864,-0.229296,0.609425,0,
1608190285,335316992,-0.230039,0.612925,0,
1608190285,365316864,-0.230791,0.617011,0,
1608190285,405316864,-0.257151,0.604537,0,
1608190285,435316736,-0.258017,0.608815,0,
1608190285,465316864,-0.258902,0.613055,0,
1608190285,505316608,-0.260114,0.618641,0,
1608190285,535316736,-0.261045,0.622832,0,
1608190285,565316608,-0.261995,0.626985,0,
1608190285,605316608,-0.263293,0.632415,0,
1608190285,625316608,-0.263957,0.635081,0,
1608190285,675316480,-0.265657,0.641589,0,
1608190285,695316480,-0.266355,0.644082,0,
1608190285,735316480,-0.267789,0.648641,0,
1608190285,765316608,-0.268892,0.651908,0,
1608190285,795316480,-0.270019,0.655074,0,
1608190285,835316480,-0.271556,0.659157,0,
1608190285,875316480,-0.273135,0.663107,0,
1608190285,905316352,-0.274345,0.665984,0,
1608190285,935316224,-0.275577,0.668789,0,
1608190285,965316352,-0.27683,0.671589,0,
1608190285,995316224,-0.278104,0.674357,0,
1608190286,45316096,-0.328324,0.649008,0,
1608190286,65316096,-0.329341,0.650766,0,
1608190286,105316096,-0.331402,0.654232,0,
1608190286,135316224,-0.334176,0.656046,0,
1608190286,175315968,-0.336318,0.659222,0,
1608190286,205316096,-0.337953,0.661482,0,
1608190286,235315968,-0.339613,0.663632,0,
1608190286,265316096,-0.347708,0.661931,0,
1608190286,305316096,-0.350079,0.663973,0,
1608190286,335315968,-0.351897,0.665351,0,
1608190286,375315968,-0.36999,0.658626,0,
1608190286,535315712,-0.380805,0.664203,0,
1608190286,575315712,-0.392966,0.660534,0,
1608190286,605315584,-0.3977,0.659976,0,
1608190286,635315712,-0.399673,0.66041,0,
1608190286,665315584,-0.404137,0.660205,0,
1608190286,705315584,-0.407219,0.660815,0,
1608190286,735315456,-0.409566,0.661195,0,
1608190286,765315584,-0.411941,0.661504,0,
1608190286,795315456,-0.414345,0.661734,0,
1608190286,835315456,-0.417607,0.661904,0,
1608190286,865315328,-0.295043,0.364468,0,
1608190286,905315328,-0.297911,0.368017,0,
1608190286,935315456,-0.299933,0.370526,0,
1608190286,965315328,-0.301856,0.372815,0,
1608190286,995315200,-0.230142,0.382433,0,
1608190287,45315328,-0.232217,0.386018,0,
1608190287,65315328,-0.233,0.387272,0,
1608190287,105315328,-0.1358,0.395814,0,
1608190287,125315072,0.183387,0.397174,0,
1608190287,165315072,0.184527,0.399693,0,
1608190287,205315072,0.185624,0.401957,0,
1608190287,225315072,0.315626,0.407102,0,
1608190287,265315072,0.317384,0.409576,0,
1608190287,335314944,0.320249,0.41335,0,
1608190287,375314944,0.32177,0.415224,0,
1608190287,405314816,0.32287,0.416524,0,
1608190287,435314944,0.478559,0.419756,0,
1608190287,465314816,0.48008,0.421199,0,
1608190287,495314944,0.481576,0.422581,0,
1608190287,535314688,0.483555,0.424349,0,
1608190287,575314688,0.485513,0.426041,0,
1608190287,605314816,0.532672,0.427262,0,
1608190287,635314688,0.566404,0.428431,0,
1608190287,675314688,0.580211,0.429904,0,
1608190287,705314560,0.782681,0.4303,0,
1608190287,735314688,0.784799,0.431558,0,
1608190287,775314688,0.78759,0.43317,0,
1608190287,815314432,0.790348,0.43472,0,
1608190287,845314560,0.79241,0.435852,0,
1608190287,875314432,0.794473,0.436962,0,
1608190287,905314560,0.796537,0.438049,0,
1608190287,945314304,0.79929,0.439463,0,
1608190287,975314432,0.801332,0.440486,0,
1608190288,5314304,0.806212,0.441459,0,
1608190288,45314304,1.00736,0.439062,0,
1608190288,65314304,1.01685,0.439794,0,
1608190288,115314176,1.02067,0.441539,0,
1608190288,135314176,1.02215,0.442203,0,
1608190288,175314176,1.03216,0.443475,0,
1608190288,205314048,1.03427,0.444382,0,
1608190288,245314048,1.037,0.445534,0,
1608190288,275314176,1.03902,0.446369,0,
1608190288,575313920,1.2781,0.446949,0,
1608190288,615313664,1.28075,0.447909,0,
1608190288,635313664,1.28603,0.448375,0,
1608190288,675313664,1.29117,0.44928,0,
1608190288,705313792,1.29631,0.449935,0,
1608190288,745313536,1.30113,0.450779,0,
1608190288,775313664,1.30509,0.45139,0,
1608190288,805313536,1.30901,0.451982,0,
1608190288,845313536,1.31131,0.452743,0,
1608190288,905313536,0.051976,0.616473,0,
1608190288,945313536,0.0520588,0.614553,0,
1608190288,975313408,0.0521145,0.613341,0,
1608190288,995313408,0.0521485,0.612588,0,
1608190289,35313408,0.0522105,0.611178,0,
1608190289,75313408,0.0522664,0.60987,0,
1608190289,105313280,0.0523056,0.60914,0,
1608190289,145313280,0.0523571,0.609009,0,
1608190289,275313152,0.052512,0.608919,0,
1608190289,305313024,0.0525466,0.608897,0,
1608190289,635312896,0.0530896,0.608467,0,
1608190289,675312640,0.0532273,0.608149,0,
1608190289,705312768,0.0533273,0.608135,0,
1608190289,745312768,0.0534576,0.60811,0,
1608190289,775312640,0.0535565,0.608033,0,
1608190289,795312640,0.0536245,0.607957,0,
1608190289,845312512,0.0538065,0.607674,0,
1608190289,875312640,0.0539239,0.607406,0,
1608190289,905312512,0.0540468,0.607107,0,
1608190289,935312384,0.0541757,0.606788,0,
1608190289,975312384,0.0543572,0.606331,0,
1608190290,5312512,0.0545007,0.605741,0,
1608190290,45312512,0.0547017,0.604581,0,
1608190290,75312384,0.0548593,0.603651,0,
1608190290,175312384,1.33115,0.479844,0,
1608190290,245312256,1.33641,0.483164,0,
1608190290,275312128,1.34125,0.484664,0,
1608190290,345312000,1.334,0.4882,0,
1608190290,375312128,1.33913,0.489801,0,
1608190290,405312000,1.34422,0.491382,0,
1608190290,445312000,1.35107,0.493507,0,
1608190290,465312000,1.35464,0.49461,0,
1608190290,515311872,1.36393,0.497477,0,
1608190290,535311872,1.36781,0.49867,0,
1608190290,575311872,1.37584,0.501135,0,
1608190290,605311744,1.59415,0.490515,0,
1608190290,645311744,1.60376,0.493116,0,
1608190290,675311872,1.61124,0.49514,0,
1608190290,705311744,1.61897,0.497226,0,
1608190290,735311872,1.62693,0.499383,0,
1608190290,765311744,1.63511,0.501633,0,
1608190290,805311744,1.64644,0.504745,0,
1608190290,845311744,1.65826,0.507973,0,
1608190290,875311616,1.66748,0.510474,0,
1608190290,905311488,1.61768,0.513057,0,
1608190290,945311488,1.63054,0.51664,0,
1608190290,975311616,1.64053,0.519423,0,
1608190291,5311488,1.65087,0.522282,0,
1608190291,35311360,1.66154,0.525202,0,
1608190291,75311360,1.67587,0.52908,0,
1608190291,105311488,1.68703,0.53204,0,
1608190291,145311232,1.70232,0.536025,0,
1608190291,175311360,1.97788,0.520341,0,
1608190291,245311232,2.01004,0.528052,0,
1608190291,275311104,2.02451,0.531447,0,
1608190291,315311104,2.04449,0.536063,0,
1608190291,345311232,2.05963,0.53953,0,
1608190291,385311232,2.07832,0.543758,0,
1608190291,415311104,2.09307,0.546988,0,
1608190291,445310976,2.1083,0.550266,0,
1608190291,485310976,2.38816,0.530466,0,
1608190291,515311104,2.40557,0.534015,0,
1608190291,545310976,2.42357,0.537626,0,
1608190291,575310848,2.44218,0.541303,0,
1608190291,615310848,2.46783,0.546293,0,
1608190291,645310976,2.48775,0.550091,0,
1608190291,675310848,2.50828,0.553931,0,
1608190291,705310720,2.52943,0.557805,0,
1608190291,745310720,2.80084,0.533855,0,
1608190291,775310848,2.69835,0.537923,0,
1608190291,795310848,2.71331,0.540628,0,
1608190291,845310720,2.79008,0.546742,0,
1608190291,865310720,2.80236,0.548839,0,
1608190291,915310592,2.83372,0.554126,0,
1608190291,945310720,2.93738,0.557319,0,
1608190291,975310592,2.9577,0.560511,0,
1608190292,5310464,2.97841,0.563696,0,
1608190292,45310464,3.21828,0.535184,0,
1608190292,75310592,3.23943,0.538405,0,
1608190292,105310464,3.26086,0.541607,0,
1608190292,145310464,3.28982,0.545841,0,
1608190292,175310336,3.31189,0.548989,0,
1608190292,205310464,3.33428,0.552114,0,
1608190292,245310208,3.3647,0.556246,0,
1608190292,275310336,3.57835,0.524568,0,
1608190292,315310336,3.60936,0.528739,0,
1608190292,345310208,3.63312,0.531859,0,
1608190292,385310208,3.6655,0.536004,0,
1608190292,415310080,3.6903,0.539098,0,
1608190292,445310208,3.71543,0.54216,0,
1608190292,475310080,3.90419,0.509639,0,
1608190292,505309952,3.91657,0.512654,0,
1608190292,545309952,3.94984,0.51661,0,
1608190292,575310080,3.97808,0.519522,0,
1608190292,615310080,4.01218,0.523327,0,
1608190292,635309824,4.17115,0.490148,0,
1608190292,685309952,4.21684,0.494736,0,
1608190292,705309952,4.23967,0.496531,0,
1608190292,745309952,4.27349,0.500037,0,
1608190292,775309824,4.4746,0.468915,0,
1608190292,805309696,4.4992,0.471398,0,
1608190292,845309696,4.53121,0.474502,0,
1608190292,885309696,4.56024,0.477205,0,
1608190292,915309568,4.58052,0.479051,0,
1608190292,945309696,4.7068,0.449013,0,
1608190292,985309696,4.75969,0.451327,0,
1608190293,5309696,4.77192,0.452407,0,
1608190293,35309568,4.78985,0.453944,0,
1608190293,75309568,4.46054,0.426288,0,
1608190293,105309440,4.49407,0.427653,0,
1608190293,145309440,4.51341,0.429358,0,
1608190293,175309312,4.20912,0.403351,0,
1608190293,205309440,4.22117,0.404492,0,
1608190293,235309312,4.24537,0.405574,0,
1608190293,275309312,3.97388,0.382017,0,
1608190293,305309184,3.99285,0.382978,0,
1608190293,335309312,4.00272,0.383891,0,
1608190293,375309312,3.75689,0.362275,0,
1608190293,415309312,3.77468,0.363341,0,
1608190293,475309056,3.55737,0.344033,0,
1608190293,505309184,3.56432,0.344705,0,
1608190293,545309184,3.5734,0.345545,0,
1608190293,575309056,3.36928,0.32718,0,
1608190293,605308928,3.3751,0.327738,0,
1608190293,625308928,3.37892,0.328094,0,
1608190293,675309056,3.1975,0.311609,0,
1608190293,715308800,3.20413,0.31223,0,
1608190293,745308928,3.20937,0.312708,0,
1608190293,785308928,3.21677,0.313383,0,
1608190293,805308928,3.22063,0.313735,0,
1608190293,845308672,3.22867,0.314467,0,
1608190293,885308672,3.24472,0.315237,0,
1608190293,905308672,3.24911,0.315636,0,
1608190293,945308672,3.25823,0.316463,0,
1608190293,985308672,3.26779,0.31733,0,
1608190294,15308544,3.27526,0.318007,0,
1608190294,45308672,3.28299,0.318708,0,
1608190294,75308544,3.27264,0.319431,0,
1608190294,115308544,3.28363,0.320432,0,
1608190294,145308416,3.28213,0.321209,0,
1608190294,175308544,3.29089,0.32201,0,
1608190294,215308544,3.303,0.323115,0,
1608190294,245308416,3.31239,0.323972,0,
1608190294,275308288,3.32203,0.32485,0,
1608190294,315308288,3.14804,0.30888,0,
1608190294,345308416,3.15721,0.30973,0,
1608190294,385308160,3.16978,0.310895,0,
1608190294,415308288,3.15718,0.31179,0,
1608190294,445308160,3.16691,0.3127,0,
1608190294,485308160,3.17068,0.313942,0,
1608190294,515308032,3.18094,0.314896,0,
1608190294,545308160,3.01702,0.299614,0,
1608190294,575308032,3.0158,0.30053,0,
1608190294,615308032,3.02904,0.301783,0,
1608190294,645307904,3.03925,0.302745,0,
1608190294,675308032,2.8739,0.288567,0,
1608190294,715308032,2.88676,0.289804,0,
1608190294,745307904,2.89669,0.290752,0,
1608190294,775307776,-3,0,0,
1608190294,805307904,-3,0,0,
1608190294,845307904,-3,0,0,
1608190294,875307776,-3,0,0,
1608190294,915307776,-3,0,0,
1608190294,945307648,-3,0,0,
1608190295,115307520,-3,0,0,
1608190295,145307648,-3,0,0,
1608190295,175307520,-3,0,0,
1608190295,215307520,-3,0,0,
1608190295,245307392,-3,0,0,
1608190295,275307520,-3,0,0,
1608190295,315307264,-3,0,0,
1608190295,345307392,-3,0,0,
1608190295,375307264,-3,0,0
1608190295,415307264,-3,0,0,
1608190295,445307136,-3,0,0,
1608190295,485307136,-3,0,0,
1608190295,515307264,-3,0,0,
1608190295,545307136,-3,0,0,
1608190295,575307008,-3,0,0,
1608190295,615307008,-3,0,0,
1608190295,645307136,-3,0,0,
1608190295,685307136,-3,0,0,
1608190295,705306880,-3,0,0,
1608190295,745306880,-3,0,0,
>1608190295,785306880,-3,0,0,
1608190295,815307008,-3,0,0,
1608190295,845306880,-3,0,0,
1608190295,875306752,-3,0,0,
1608190295,915306752,-3,0,0,
1608190295,945306880,-3,0,0,
1608190295,985306624,-3,0,0,
1608190296,15306752,-3,0,0,
1608190296,45306624,-3,0,0,
1608190296,75306752,-3,0,0,
1608190296,115306496,-3,0,0,
1608190296,145306624,-3,0,0,
1608190296,175306496,-3,0,0,
1608190296,205306624,-0.242889,-0.732763,0,
1608190296,245306368,-0.241336,-0.732457,0,
1608190296,5306240,-0.169557,-0.718144,0,
1608190296,645306112,-0.168853,-0.716033,0,
1608190296,675305984,-0.168167,-0.713788,0,
1608190296,715305984,-0.167282,-0.7106,0,
1608190296,740112,-0.166638,-0.708062,0,
1608190296,775305984,-0.166014,-0.70542,0,
1608190296,805305856,-0.165406,-0.702689,0,
1608190296,845305856,-0.164616,-0.698952,0,
1608190296,875305984,-0.164031,-0.696063,0,
1608190296,915305728,-0.163263,-0.692053,0,
16081906,75305728,-0.0930782,-0.685673,0,
1608190297,15305728,-0.0926554,-0.681186,0,
1608190297,45305856,-0.0923458,-0.677711,0,
1608190297,75305728,-0.0637384,-0.674138,0,
1608190297,145305600,-0.0632585,-0.665438,0,
1608190297,205305600,-0.0394706,-0.657247,0,
1608190297,235305472,-0.039358,-0.652864,0,
1608190297,285305600,-0.0391811,-0.645483,0,
1608190297,305305600,-0.0391138,-0.642523,0,
1608190297,345305344,-0.0389846,-0.636598,0,
1608190297,365305344,-0.0389227,-0.633635,0,
1608190297,405305344,-0.0388037,-0.627736,0,
1608190297,435305472,-0.0387187,-0.623334,0,
1608190297,485305344,-0.0385846,-0.61606,0,
1608190297,515305216,-0.0385084,-0.611694,0,
1608190297,545305344,-0.0384353,-0.60735,0,
1608190297,565305344,-0.020765,-0.604485,0,
1608190297,605305088,-0.0207158,-0.598845,0,
1608190297,635305216,-0.0206807,-0.594697,0,
1608190297,675305216,-0.0043098,-0.589292,0,
1608190297,705305088,-0.00430312,-0.585337,0,
1608190297,745305088,-0.0042947,-0.580198,0,
1608190298,175304704,0.0312572,-0.533899,0,
1608190298,185304576,0.0312475,-0.532924,0,
1608190298,335304448,0.0316088,-0.518773,0,
1608190298,375304448,0.0315755,-0.515155,0,
1608190298,395304448,0.0318336,-0.513374,0,
1608190298,435304448,0.0318016,-0.509855,0,
1608190298,465304320,0.0317785,-0.50725,0,
1608190298,505304320,0.0317486,-0.503831,0,
1608190298,535304192,0.031727,-0.501313,0,
1608190298,565304320,0.0317059,-0.498824,0,
1608190298,605304320,0.0316788,-0.495557,0,
1608190298,645304320,0.0316524,-0.492325,0,
1608190298,675304192,0.0316332,-0.489924,0,
1608190298,715304192,0.0311771,-0.48801,0,
1608190298,735304192,0.0311639,-0.488355,0,
1608190298,775304192,0.0286396,-0.489331,0,
1608190298,815303936,0.0286119,-0.490433,0,
1608190298,835303936,0.0285972,-0.491013,0,
1608190298,875303936,0.0285658,-0.492237,0,
1608190298,905304064,0.0285407,-0.49321,0,
1608190298,935303936,0.0285144,-0.494235,0,
1608190298,975303936,0.0242114,-0.495679,0,
1608190299,5303808,0.0241873,-0.496703,0,
1608190299,45303808,0.0241536,-0.497928,0,
1608190299,75303680,0.0184969,-0.498821,0,
1608190299,105303808,0.0184765,-0.499732,0,
1608190299,135303680,0.0184554,-0.500665,0,
1608190299,175303680,0.0184262,-0.501936,0,
1608190299,205303552,0.0109516,-0.502899,0,
1608190299,235303680,0.010938,-0.50389,0,
1608190299,275303680,0.0109191,-0.505204,0,
1608190299,845303040,-0.12594,-0.517814,0,
1608190299,875302912,-0.125691,-0.518148,0,
1608190300,15302912,-0.12447,-0.518815,0,
1608190300,45302784,-0.124197,-0.518909,0,
1608190300,75302912,-0.12392,-0.518836,0,
1608190300,145302784,-0.187766,-0.518372,0,
1608190300,175302656,-0.212042,-0.518189,0,
1608190300,245302784,-0.21091,-0.51437,0,
1608190300,275302656,-0.210434,-0.509971,0,
1608190300,345302528,-0.229426,-0.487228,0,
1608190300,375302656,-0.228913,-0.48189,0,
1608190300,435302400,-0.24098,-0.460913,0,
1608190300,475302400,-0.240297,-0.450729,0,
1608190300,505302528,-0.251817,-0.435522,0,
1608190300,535302400,-0.251299,-0.427168,0,
1608190300,575302400,-0.250633,-0.414782,0,
1608190300,605302272,-0.25015,-0.404941,0,
1608190300,645302272,-0.249525,-0.391542,0,
1608190300,675302144,-0.249071,-0.381027,0,
1608190300,705302272,-0.248631,-0.369967,0,
1608190300,745302272,-0.248065,-0.354846,0,
1608190300,765302272,-0.247792,-0.347124,0,
1608190300,805302016,-0.272574,-0.320211,0,
1608190300,835302144,-0.272144,-0.308694,0,
1608190300,875302144,-0.271587,-0.293154,0,
1608190300,905302016,-0.271179,-0.282159,0,
1608190300,935302144,-0.270784,-0.271247,0,
1608190300,975301888,-0.270294,-0.256311,0,
1608190301,5302016,-0.296417,-0.237557,0,
1608190301,35301888,-0.296049,-0.228993,0,
1608190301,65302016,-0.295701,-0.221098,0,
1608190301,105301760,-0.288289,-0.212655,0,
1608190301,135301888,-0.287983,-0.204722,0,
1608190301,175301888,-0.287577,-0.195291,0,
1608190301,205301760,-0.314218,-0.182654,0,
1608190301,235301632,-0.313887,-0.176909,0,
1608190301,275301632,-0.313448,-0.168776,0,
1608190301,375301632,-0.370533,-0.139565,0,
1608190301,415301632,-0.370043,-0.134341,0,
1608190301,435301632,-0.369817,-0.133117,0,
1608190301,475301632,-0.369358,-0.12868,0,
1608190301,505301504,-0.369018,-0.124659,0,
1608190301,545301504,-0.368577,-0.11885,0,
1608190301,575301376,-0.368267,-0.114135,0,
1608190301,615301376,-0.367884,-0.107559,0,
1608190301,645301248,-0.367618,-0.102516,0,
1608190301,675301376,-0.367367,-0.0974103,0,
1608190301,705301248,-0.368581,-0.0920994,0,
1608190301,745301248,-0.368258,-0.0853937,0,
1608190301,775301120,-0.367991,-0.0790108,0,
1608190301,815301120,-0.367719,-0.0720744,0,
1608190301,845301248,-0.367541,-0.0666148,0,
1608190301,875301120,-0.367374,-0.0571361,0,
1608190301,915301120,-0.367197,-0.0403021,0,
1608190301,935301120,-0.367133,-0.031237,0,
1608190301,975301120,-0.367048,-0.0128421,0,
1608190301,995301120,-0.367025,-0.00369744,0,
1608190302,45300992,-0.200605,0.0234956,0,
1608190302,75300864,-0.200612,0.0395479,0,
1608190302,105300992,-0.200632,0.0550816,0,
1608190302,135300864,-0.200666,0.0701233,0,
1608190302,175300864,-0.200729,0.089442,0,
1608190302,205300736,-0.200788,0.103394,0,
1608190302,235300864,-0.200857,0.116902,0,
1608190302,275300864,-0.200961,0.134237,0,
1608190302,305300736,-0.126206,0.146975,0,
1608190302,335300608,-0.126265,0.159103,0,
1608190302,365300736,-0.126328,0.170841,0,
1608190302,405300736,-0.126416,0.185898,0,
1608190302,435300608,-0.126486,0.196808,0,
1608190302,465300480,-0.126558,0.207422,0,
1608190302,505300480,-0.0502313,0.221123,0,
1608190302,545300480,-0.0502735,0.234319,0,
1608190302,575300352,-0.0350777,0.243891,0,
1608190302,605300480,-0.035101,0.253203,0,
1608190302,635300352,-0.0351249,0.2623,0,
1608190302,675300352,-0.0253501,0.274125,0,
1608190302,705300224,-0.0253683,0.282771,0,
1608190302,745300224,-0.025393,0.294003,0,
1608190302,775300352,-0.017725,0.302211,0,
1608190302,805300224,-0.0177384,0.310242,0,
1608190302,835300096,-0.0177521,0.318101,0,
1608190302,875300096,-0.0113725,0.328318,0,
1608190302,915300096,-0.0113847,0.338241,0,
1608190302,945300224,-0.0113938,0.345491,0,
1608190302,975300096,-0.0114032,0.352586,0,
1608190303,5299968,-0.00625758,0.35953,0,
1608190303,45299968,-0.00626451,0.368564,0,
1608190303,75300096,-0.00194625,0.375173,0,
1608190303,105299968,-0.00194792,0.381639,0,
1608190303,135299840,-0.00194961,0.387968,0,
1608190303,165299968,-0.00195127,0.394159,0,
1608190303,205299968,0.00275861,0.402205,0,
1608190303,225299712,0.00276023,0.406141,0,
1608190303,265299712,0.00276345,0.41384,0,
1608190303,315299840,0.0062439,0.423138,0,
1608190303,335299840,0.00624761,0.42676,0,
1608190303,375299584,0.00625505,0.433851,0,
1608190303,405299712,0.00951397,0.439037,0,
1608190303,535299584,0.0124996,0.46024,0,
1608190303,575299584,0.0149264,0.466367,0,
1608190303,605299456,0.0168774,0.470846,0,
1608190303,635299328,0.00535649,0.475224,0,
1608190303,665299456,0.00536123,0.479507,0,
1608190303,715299328,0.00536923,0.484938,0,
1608190303,735299328,0.00537263,0.484806,0,
1608190303,765299200,0.00537795,0.484013,0,
1608190303,815299328,0.00538749,0.482199,0,
1608190303,845299200,0.00539355,0.480905,0,
1608190303,875299328,0.00539993,0.479511,0,
1608190303,905299200,-0.0130305,0.47801,0,
1608190303,945299200,-0.0130525,0.475876,0,
1608190303,975299072,-0.0130697,0.474204,0,
1608190304,5299200,-0.0130877,0.472453,0,
1608190304,35299072,-0.0375603,0.47062,0,
1608190304,75299072,-0.0376336,0.468253,0,
1608190304,105298944,-0.0631223,0.466865,0,
1608190304,135299072,-0.0632197,0.466006,0,
1608190304,175298816,-0.0633549,0.465049,0,
1608190304,235298816,-0.169587,0.46364,0,
1608190304,275298816,-0.211736,0.462664,0,
1608190304,305298688,-0.212111,0.462399,0,
1608190304,345298688,-0.212629,0.462434,0,
1608190304,375298816,-0.213031,0.462537,0,
1608190304,415298816,-0.213586,0.462701,0,
1608190304,435298560,-0.213871,0.462787,0,
1608190304,475298560,-0.214458,0.462957,0,
1608190304,505298688,-0.214913,0.463086,0,
1608190304,545298688,-0.21554,0.463257,0,
1608190304,575298560,-0.216025,0.463386,0,
1608190304,615298560,-0.21669,0.463743,0,
1608190304,645298432,-0.217196,0.465571,0,
1608190304,675298560,-0.295713,0.424643,0,
1608190304,705298432,-0.296397,0.42921,0,
1608190304,745298432,-0.297334,0.436009,0,
1608190304,765298432,-0.297814,0.439685,0,
1608190304,815298304,-0.299056,0.449372,0,
1608190304,835298304,-0.299572,0.453323,0,
1608190304,875298304,-0.300639,0.461253,0,
1608190304,905298176,-0.32843,0.453622,0,
1608190304,945298176,-0.32967,0.461361,0,
1608190304,975298048,-0.330633,0.467151,0,
1608190305,5298176,-0.374041,0.453084,0,
1608190305,45298176,-0.375587,0.458713,0,
1608190305,75298048,-0.376793,0.462124,0,
1608190305,105297920,-0.378033,0.465241,0,
1608190305,145297920,-0.379737,0.469036,0,
1608190305,165297920,-0.380613,0.470642,0,
1608190305,205297920,-0.418261,0.458566,0,
1608190305,245297920,-0.420259,0.461707,0,
1608190305,275297792,-0.421799,0.464154,0,
1608190305,315297792,-0.457216,0.454589,0,
1608190305,345297920,-0.458956,0.45699,0,
1608190305,375297792,-0.460738,0.4593,0,
1608190305,415297792,-0.500932,0.44885,0,
1608190305,445297664,-0.502946,0.451062,0,
1608190305,465297664,-0.504313,0.452544,0,
1608190305,505297664,-0.54882,0.441674,0,
1608190305,545297664,-0.551894,0.444332,0,
1608190305,575297536,-0.554261,0.446299,0,
1608190305,605297664,-0.592681,0.437285,0,
1608190305,645297408,-0.596161,0.439846,0,
1608190305,675297536,-0.598837,0.441765,0,
1608190305,715297536,-0.644221,0.432229,0,
1608190305,745297408,-0.647186,0.433852,0,
1608190305,775297280,-0.650205,0.435408,0,
1608190305,815297280,-0.692366,0.427225,0,
1608190305,845297408,-0.733672,0.419081,0,
1608190305,875297280,-0.73718,0.420296,0,
1608190305,905297152,-0.740759,0.421369,0,
1608190305,935297280,-0.744405,0.422444,0,
1608190305,975297280,-0.749373,0.423886,0,
1608190306,5297152,-0.875362,0.397705,0,
1608190306,45297152,-0.881126,0.398628,0,
1608190306,75297024,-0.885543,0.399319,0,
1608190306,105297152,-0.890039,0.40002,0,
1608190306,145297152,-0.89616,0.400961,0,
1608190306,175297024,-0.900848,0.401658,0,
1608190306,245296896,-1.00783,0.384915,0,
1608190306,305296896,-1.06884,0.377239,0,
1608190306,375296768,-1.13585,0.368742,0,
1608190306,415296768,-1.14367,0.368801,0,
1608190306,445296640,-1.14964,0.368797,0,
1608190306,475296768,-1.15568,0.368765,0,
1608190306,515296768,-1.16385,0.368689,0,
1608190306,535296768,-1.16799,0.36864,0,
1608190306,575296768,-1.17634,0.368518,0,
1608190306,615296512,-1.1848,0.3682,0,
1608190306,645296640,-1.19124,0.367576,0,
1608190306,675296512,-1.19775,0.366742,0,
1608190306,705296640,-1.20432,0.365761,0,
1608190306,745296384,-1.26557,0.355979,0,
1608190306,775296512,-1.27224,0.354665,0,
1608190306,815296512,-1.2812,0.35277,0,
1608190306,845296384,-1.33992,0.34349,0,
1608190306,865296384,-1.34436,0.342465,0,
1608190306,905296384,-1.35322,0.340324,0,
1608190306,935296256,-1.35984,0.338699,0,
1608190306,975296256,-1.41966,0.329792,0,
1608190307,5296128,-1.42592,0.32901,0,
1608190307,275296000,-0.319947,0.644664,0,
1608190307,305295872,-0.322346,0.652168,0,
1608190307,345295872,-0.325525,0.661506,0,
1608190307,375296000,-0.32789,0.667975,0,
1608190307,405295872,-0.330236,0.673974,0,
1608190307,435295744,-0.332557,0.679514,0,
1608190307,475295744,-0.335607,0.686219,0,
1608190307,505295872,-0.337854,0.690768,0,
1608190307,535295744,-0.340058,0.694941,0,
1608190307,575295744,-0.342924,0.699947,0,
1608190307,605295616,-0.345012,0.703317,0,
1608190307,645295616,-0.347708,0.707335,0,
1608190307,675295488,-0.34966,0.710029,0,
1608190307,705295616,-0.229435,0.712527,0,
1608190307,735295488,-0.230746,0.714854,0,
1608190307,775295488,-0.193223,0.717703,0,
1608190307,805295360,-0.194331,0.719654,0,
1608190307,835295488,-0.135111,0.721455,0,
1608190307,865295360,-0.1359,0.72311,0,
1608190307,895295488,-0.136689,0.724622,0,
1608190307,935295232,-0.13774,0.72642,0,
1608190307,965295360,-0.138527,0.727611,0,
1608190308,5295360,-0.139572,0.728994,0,
1608190308,35295232,-0.140355,0.729882,0,
1608190308,65295104,-0.141134,0.730645,0,
1608190308,105295104,-0.142168,0.731476,0,
1608190308,145295104,-0.143197,0.7321,0,
1608190308,175295232,-0.143963,0.732437,0,
1608190308,205295104,-0.144725,0.732665,0,
1608190308,225295104,-0.145229,0.73276,0,
1608190308,275294976,-0.0425289,0.547454,0,
1608190308,315294976,-0.0428675,0.551052,0,
1608190308,345294848,0.0134634,0.553711,0,
1608190308,375294976,0.0135449,0.556384,0,
1608190308,405294848,0.0136271,0.559071,0,
1608190308,435294976,0.0137101,0.561772,0,
1608190308,475294720,0.0138222,0.565402,0,
1608190308,505294848,0.0139075,0.56815,0,
1608190308,545294848,0.014023,0.571853,0,
1608190308,585294848,0.0141404,0.5756,0,
1608190308,615294720,0.0385305,0.578441,0,
1608190308,635294720,0.0386937,0.580349,0,
1608190308,675294720,0.0383576,0.5842,0,
1608190308,705294592,0.0386052,0.58712,0,
1608190308,745294592,0.0389404,0.591055,0,
1608190308,775294464,0.0384428,0.594038,0,
1608190308,815294464,0.0387822,0.598059,0,
1608190308,845294592,0.039041,0.601108,0,
1608190308,875294464,0.0385295,0.604185,0,
1608190308,905294336,0.0387901,0.607291,0,
1608190308,935294464,0.0390546,0.610426,0,
1608190308,975294464,0.0394127,0.61465,0,
1608190308,995294208,0.0389187,0.616783,0,
1608190309,45294336,0.0393725,0.622171,0,
1608190309,75294208,0.0396502,0.625445,0,
1608190309,115294208,0.0393137,0.629859,0,
1608190309,145294080,0.0395959,0.633206,0,
1608190309,175294208,0.0392111,0.636583,0,
1608190309,205294080,0.0394968,0.639994,0,
1608190309,235294208,0.0397867,0.643435,0,
1608190309,265294080,0.040081,0.646909,0,
1608190309,305294080,0.0397111,0.651592,0,
1608190309,335293952,0.0400103,0.655144,0,
1608190309,375293952,0.0404163,0.659931,0,
1608190309,415293952,0.0401139,0.664781,0,
1608190309,445293824,0.0404249,0.668456,0,
1608190309,475293952,0.0407411,0.67217,0,
1608190309,505293824,0.040234,0.675917,0,
1608190309,535293696,0.0405538,0.6797,0,
1608190309,575293696,0.0409883,0.6848,0,
1608190309,605293824,0.0413205,0.688669,0,
1608190309,645293824,0.041772,0.693884,0,
1608190309,675293696,0.0421174,0.697839,0,
1608190309,705293568,0.0424685,0.701832,0,
1608190309,735293696,0.0428258,0.705864,0,
1608190309,775293696,0.0433115,0.711299,0,
1608190309,845293568,-0.0431091,0.731803,0,
1608190309,865293568,0.00815448,0.728996,0,
1608190309,945293312,0.130098,0.717305,0,
1608190309,975293440,0.165816,0.712819,0,
1608190310,15293440,0.209464,0.706768,0,
1608190310,45293312,0.240013,0.702172,0,
1608190310,75293184,0.269075,0.697539,0,
1608190310,145293312,0.332383,0.686556,0,
1608190310,175293184,0.357948,0.681783,0,
1608190310,245293056,0.41465,0.670475,0,
1608190310,275293184,0.43785,0.665559,0,
1608190310,335292928,0.482545,0.655595,0,
1608190310,375292928,0.511201,0.648864,0,
1608190310,445293056,0.559365,0.636892,0,
1608190310,475292928,0.579306,0.631694,0,
1608190310,545292800,0.624316,0.61939,0,
1608190310,575292928,0.642987,0.614044,0,
1608190310,605292800,0.660611,0.608655,0,
1608190310,635292672,0.677833,0.603222,0,
1608190310,665292800,0.694794,0.597745,0,
1608190310,715292672,0.722836,0.588518,0,
1608190310,735292672,0.733334,0.584794,0,
1608190310,775292672,0.754772,0.577287,0,
1608190310,805292544,0.77033,0.5716,0,
1608190310,825292544,0.780264,0.567788,0,
1608190310,875292416,0.805555,0.558161,0,
1608190310,915292416,0.823126,0.550373,0,
1608190310,945292544,0.838138,0.544474,0,
1608190310,975292416,0.852897,0.538532,0,
1608190311,15292416,0.872189,0.530534,0,
1608190311,45292288,0.886353,0.524479,0,
1608190311,75292416,0.900293,0.518383,0,
1608190311,105292288,0.913996,0.512241,0,
1608190311,135292416,0.927446,0.506047,0,
1608190311,175292160,0.943994,0.497718,0,
1608190311,215292160,0.961167,0.489307,0,
1608190311,235292160,0.969613,0.485075,0,
1608190311,275292160,0.985251,0.476541,0,
1608190311,315292160,1.00141,0.467923,0,
1608190311,345292032,1.01329,0.461407,0,
1608190311,375292160,1.02389,0.454841,0,
1608190311,415291904,1.03909,0.446018,0,
1608190311,445292032,1.05026,0.439348,0,
1608190311,575291904,1.09218,0.409912,0,
1608190311,615291904,1.1055,0.400682,0,
1608190311,635291904,1.11202,0.396034,0,
1608190311,685291776,1.12794,0.384336,0,
1608190311,705291776,1.13416,0.379626,0,
1608190311,745291776,1.1463,0.370136,0,
1608190311,775291648,1.15516,0.362963,0,
1608190311,805291776,1.16383,0.355742,0,
1608190311,845291520,1.17508,0.346048,0,
1608190311,875291648,1.18326,0.338722,0,
1608190311,915291648,1.1928,0.328898,0,
1608190311,945291520,1.20053,0.321477,0,
1608190311,965291520,1.20556,0.316505,0,
1608190312,15291392,1.21792,0.303246,0,
1608190312,45291520,1.22494,0.295753,0,
1608190312,75291392,1.23166,0.288628,0,
1608190312,115291392,1.24022,0.279194,0,
1608190312,135291392,1.24436,0.274463,0,
1608190312,175291392,1.28965,0.264908,0,
1608190312,205291264,1.29542,0.257616,0,
1608190312,245291264,1.30118,0.247821,0,
1608190312,285291264,1.30828,0.237967,0,
1608190312,305291264,1.31114,0.232869,0,
1608190312,345291264,1.3633,0.223707,0,
1608190312,375291136,1.36716,0.217055,0,
1608190312,415291136,1.3721,0.208209,0,
1608190312,445291008,1.37929,0.20158,0,
1608190312,475291136,1.38267,0.19495,0,
1608190312,505291008,1.38595,0.188328,0,
1608190312,545291008,1.39383,0.179488,0,
1608190312,575290880,1.3968,0.17286,0,
1608190312,605291008,1.39968,0.166244,0,
1608190312,645290752,1.40331,0.157408,0,
1608190312,665290752,1.4084,0.153001,0,
1608190312,845290752,1.42167,0.113419,0,
1608190312,875290624,1.42345,0.106853,0,
1608190312,915290624,1.42935,0.0980969,0,
1608190312,945290496,1.43426,0.0915627,0,
1608190312,975290624,1.43943,0.0850228,0,
1608190313,15290624,1.44579,0.0763205,0,
1608190313,35290368,1.452,0.0719934,0,
1608190313,75290368,1.4534,0.0633506,0,
1608190313,115290368,1.4546,0.0547597,0,
1608190313,145290496,1.45538,0.0483408,0,
1608190313,175290368,1.4561,0.0419399,0,
1608190313,195290368,1.45651,0.037696,0,
1608190313,245290240,1.45731,0.0271212,0,
1608190313,275290368,1.45764,0.0208037,0,
1608190313,315290112,1.45792,0.012451,0,
1608190313,345290240,1.45802,0.00621675,0,
1608190313,375290112,1.45801,-2.73838e-06,0,
1608190313,415290112,1.47298,-0.0082279,0,
1608190313,445289984,1.47274,-0.014438,0,
1608190313,485289984,1.4723,-0.0227916,0,
1608190313,515290112,1.47187,-0.0290498,0,
1608190313,545289984,1.47135,-0.0353058,0,
1608190313,575289856,1.47075,-0.0415339,0,
1608190313,615289856,1.47259,-0.0498328,0,
1608190313,645289984,1.47561,-0.0560268,0,
1608190313,675289856,1.47464,-0.0621436,0,
1608190313,705289728,1.47358,-0.0682327,0,
1608190313,745289728,1.47197,-0.0763209,0,
1608190313,775289856,1.47065,-0.0823418,0,
1608190313,815289856,1.4687,-0.0903106,0,
1608190313,845289728,1.467,-0.0960061,0,
1608190313,875289600,1.46539,-0.101151,0,
1608190313,915289600,1.50329,-0.108016,0,
1608190313,945289728,1.50202,-0.113139,0,
1608190313,975289600,1.50061,-0.118165,0,
1608190313,995289600,1.50505,-0.121494,0,
1608190314,45289472,1.50237,-0.129751,0,
1608190314,75289600,1.50065,-0.134653,0,
1608190314,105289472,1.50273,-0.13953,0,
1608190314,145289472,1.50017,-0.145962,0,
1608190314,175289344,1.4981,-0.150672,0,
1608190314,215289344,1.49985,-0.156855,0,
1608190314,245289216,1.49766,-0.161441,0,
1608190314,275289344,1.49542,-0.165973,0,
1608190314,445289216,1.48131,-0.183707,0,
1608190314,485289216,1.47823,-0.18807,0,
1608190314,505288960,1.47668,-0.190226,0,
1608190314,545288960,1.47347,-0.194534,0,
1608190314,575289088,1.47108,-0.19769,0,
1608190314,615289088,1.46781,-0.201896,0,
1608190314,645288960,1.46535,-0.205041,0,
1608190314,675288832,1.4629,-0.208195,0,
1608190314,705288960,1.46042,-0.211346,0,
1608190314,745288960,1.45709,-0.215557,0,
1608190314,775288832,1.45454,-0.21872,0,
1608190314,815288832,1.49479,-0.222935,0,
1608190314,845288704,1.4919,-0.226096,0,
1608190314,875288832,1.48929,-0.229261,0,
1608190314,905288704,1.48668,-0.232429,0,
1608190314,945288704,1.48315,-0.236649,0,
1608190314,975288576,1.48047,-0.239809,0,
1608190315,5288704,1.47779,-0.242961,0,
1608190315,45288448,1.47412,-0.247162,0,
1608190315,65288448,1.47227,-0.249272,0,
1608190315,115288576,1.4676,-0.254515,0,
1608190315,135288576,1.4657,-0.256617,0,
1608190315,175288320,1.46188,-0.260798,0,
1608190315,205288448,1.45843,-0.263937,0,
1608190315,235288320,1.4555,-0.267063,0,
1608190315,275288320,1.4514,-0.271247,0,
1608190315,315288320,1.4474,-0.275552,0,
1608190315,335288320,1.4454,-0.277747,0,
1608190315,375288320,1.44129,-0.282192,0,
1608190315,415288320,1.43717,-0.286663,0,
1608190315,445288192,1.43409,-0.290045,0,
1608190315,475288064,1.43093,-0.29345,0,
1608190315,505288192,1.41848,-0.296873,0,
1608190315,545288192,1.41415,-0.301464,0,
1608190315,575288064,1.4076,-0.304938,0,
1608190315,615288064,1.40303,-0.309597,0,
1608190315,645287936,1.39957,-0.313109,0,
1608190315,675288064,1.396,-0.316635,0,
1608190315,715287808,1.39112,-0.321381,0,
1608190315,735287808,1.38867,-0.323768,0,
1608190315,775287808,1.38363,-0.32858,0,
1608190315,805287936,1.37974,-0.332217,0,
1608190315,845287680,1.36885,-0.337152,0,
1608190315,875287808,1.36462,-0.34093,0,
1608190315,905287680,1.36335,-0.344635,0,
1608190315,945287680,1.35739,-0.349392,0,
1608190315,975287552,1.35301,-0.352911,0,
1608190316,15287552,1.34725,-0.35757,0,
1608190316,45287680,1.34299,-0.361033,0,
1608190316,75287552,1.33872,-0.364473,0,
1608190316,105287424,1.33443,-0.367915,0,
1608190316,145287424,1.32873,-0.372469,0,
1608190316,175287552,1.32441,-0.375867,0,
1608190316,215287552,1.31864,-0.380385,0,
1608190316,245287424,1.31425,-0.383764,0,
1608190316,275287296,1.31022,-0.387116,0,
1608190316,315287296,1.30428,-0.391542,0,
1608190316,345287424,1.29974,-0.394823,0,
1608190316,375287296,1.29562,-0.398096,0,
1608190316,405287168,1.30715,-0.40086,0,
1608190316,445287168,1.30214,-0.40421,0,
1608190316,485287168,1.29753,-0.40765,0,
1608190316,505287168,1.29807,-0.409386,0,
1608190316,545287168,1.29322,-0.412886,0,
1608190316,575287040,1.28951,-0.41551,0,
1608190316,605287168,1.28566,-0.418133,0,
1608190316,635287040,1.28173,-0.420769,0,
1608190316,675287040,1.27637,-0.42427,0,
1608190316,705286912,1.27223,-0.42689,0,
1608190316,745286912,1.26666,-0.430379,0,
1608190316,775287040,1.26241,-0.432979,0,
1608190316,805286912,1.26255,-0.435531,0,
1608190316,845286912,1.25676,-0.438902,0,
1608190316,875286784,1.25242,-0.441381,0,
1608190316,905286912,1.24809,-0.443842,0,
1608190316,945286656,1.24225,-0.447088,0,
1608190316,975286784,1.23792,-0.449479,0,
1608190317,5286656,1.24257,-0.451843,0,
1608190317,45286656,1.23679,-0.454947,0,
1608190317,75286528,1.23243,-0.457249,0,
1608190317,95286528,1.22958,-0.45875,0,
1608190317,145286656,1.22244,-0.462441,0,
1608190317,175286528,1.21821,-0.464611,0,
1608190317,215286528,1.21263,-0.467436,0,
1608190317,245286400,1.20852,-0.469505,0,
1608190317,275286528,1.20443,-0.471543,0,
1608190317,305286400,1.2004,-0.473529,0,
1608190317,345286400,1.19512,-0.476118,0,
1608190317,375286272,1.1912,-0.478016,0,
1608190317,405286400,1.18736,-0.479869,0,
1608190317,445286400,1.18229,-0.48228,0,
1608190317,475286272,1.18194,-0.484053,0,
1608190317,505286144,1.18178,-0.48577,0,
1608190317,545286144,1.17995,-0.488011,0,
1608190317,585286144,1.17523,-0.490187,0,
1608190317,605286144,1.17291,-0.491244,0,
1608190317,645286144,1.17138,-0.493314,0,
1608190317,675286016,1.16804,-0.494825,0,
1608190317,715286016,1.16367,-0.496775,0,
1608190317,745285888,1.16329,-0.498193,0,
1608190317,775286016,1.16012,-0.499579,0,
1608190317,805285888,1.15705,-0.500922,0,
1608190317,845285888,1.15538,-0.50266,0,
1608190317,875285760,1.15247,-0.503911,0,
1608190317,905285888,1.15387,-0.505136,0,
1608190317,945285888,1.15019,-0.506704,0,
1608190317,975285760,1.14746,-0.507843,0,
1608190318,15285760,1.144,-0.509293,0,
1608190318,45285632,1.14143,-0.510355,0,
1608190318,75285760,1.13898,-0.511362,0,