1.3333332538604736,0.000000,0.00000000000000000000,1.0000000000
1.3333332538604736,0.000000,0.00000000000000000000,2.0000000000
1.3333332538604736,0.000000,0.00000000000000000000,3.0000000000
1.3333332538604736,0.000000,0.00000000000000000000,4.0000000000
1.3333332538604736,0.000000,0.00000000000000000000,5.0000000000
1.3333332538604736,0.000000,0.00000000000000000000,6.0000000000
1.3333332538604736,0.000000,0.00000000000000000000,7.0000000000
1.3333332538604736,0.000000,0.00000000000000000000,8.0000000000
1.3333332538604736,0.000000,0.00000000000000000000,9.0000000000
1.3333332538604736,0.000000,0.00000000000000000000,10.0000000000
1.3333332538604736,0.000000,0.00000000000000000000,11.0000000000
1.3333332538604736,0.000000,0.00000000000000000000,12.0000000000
1.3333332538604736,0.000000,0.00000000000000000000,13.0000000000
1.3333332538604736,0.000000,0.00000000000000000000,14.0000000000
1.3333332538604736,0.000000,0.00000000000000000000,15.0000000000
1.3333332538604736,0.000000,0.00000000000000000000,16.0000000000
1.3333332538604736,0.000000,0.00000000000000000000,17.0000000000
1.3333332538604736,0.000000,0.00000000000000000000,18.0000000000
1.3333332538604736,0.000000,0.00000000000000000000,19.0000000000
1.3333332538604736,0.000000,0.00000000000000000000,20.0000000000
1.3333332538604736,0.000000,0.00000000000000000000,21.0000000000
1.3333332538604736,0.000000,0.00000000000000000000,22.0000000000
1.3333332538604736,0.000000,0.00000000000000000000,23.0000000000
1.3333332538604736,0.000000,0.00000000000000000000,24.0000000000
1.3333332538604736,0.000000,0.00000000000000000000,25.0000000000
1.3333332538604736,0.000000,0.00000000000000000000,26.0000000000
1.3333332538604736,0.000000,0.00000000000000000000,27.0000000000
1.3333332538604736,0.000000,0.00000000000000000000,28.0000000000
1.3333332538604736,0.000000,0.00000000000000000000,29.0000000000
1.3333332538604736,0.000000,0.00000000000000000000,30.0000000000
1.3333332538604736,0.000000,0.00000000000000000000,31.0000000000
1.3333332538604736,0.000000,0.00000000000000000000,32.0000000000
1.3333332538604736,0.000000,0.00000000000000000000,33.0000000000
1.3333332538604736,0.000000,0.00000000000000000000,34.0000000000
1.3333332538604736,0.000000,0.00000000000000000000,35.0000000000
1.3333332538604736,0.000000,0.00000000000000000000,36.0000000000
1.3333332538604736,0.000000,0.00000000000000000000,37.0000000000
1.3333332538604736,0.000000,0.00000000000000000000,38.0000000000
1.3333332538604736,0.000000,0.00000000000000000000,39.0000000000
1.3333332538604736,0.000000,0.00000000000000000000,40.0000000000
1.3333332538604736,0.000000,0.00000000000000000000,41.0000000000
1.3333332538604736,0.000000,0.00000000000000000000,42.0000000000
1.3333332538604736,0.000000,0.00000000000000000000,43.0000000000
1.3333332538604736,0.000000,0.00000000000000000000,44.0000000000
1.3333332538604736,0.000000,0.00000000000000000000,45.0000000000
1.3333332538604736,0.000000,0.00000000000000000000,46.0000000000
1.3333332538604736,0.000000,0.00000000000000000000,47.0000000000
1.3333332538604736,0.000000,0.00000000000000000000,48.0000000000
1.3333332538604736,0.000000,0.00000000000000000000,49.0000000000
1.3333332538604736,0.000000,0.00000000000000000000,50.0000000000
1.3333332538604736,0.000000,0.00000000000000000000,51.0000000000
1.3333332538604736,0.000000,0.00000000000000000000,52.0000000000
1.3333332538604736,0.000000,0.00000000000000000000,53.0000000000
1.3333332538604736,0.000000,0.00000000000000000000,54.0000000000
1.3333332538604736,0.000000,0.00000000000000000000,55.0000000000
1.3333332538604736,0.000000,0.00000000000000000000,56.0000000000
1.3333332538604736,0.000000,0.00000000000000000000,57.0000000000
1.3333332538604736,0.000000,0.00000000000000000000,58.0000000000
1.3333332538604736,0.000000,0.00000000000000000000,59.0000000000
1.3333332538604736,0.000000,0.00000000000000000000,60.0000000000
1.3333332538604736,0.000000,0.00000000000000000000,61.0000000000
1.3333332538604736,0.000000,0.00000000000000000000,62.0000000000
1.3333332538604736,0.000000,0.00000000000000000000,63.0000000000
1.3333332538604736,0.000000,0.00000000000000000000,64.0000000000
1.3333332538604736,0.000000,0.00000000000000000000,65.0000000000
1.3333332538604736,0.000000,0.00000000000000000000,66.0000000000
1.3333332538604736,0.000000,0.00000000000000000000,67.0000000000
1.3333332538604736,0.000000,0.00000000000000000000,68.0000000000
1.3333332538604736,0.000000,0.00000000000000000000,69.0000000000
1.3333332538604736,0.000000,0.00000000000000000000,70.0000000000
1.3333332538604736,0.000000,0.00000000000000000000,71.0000000000
1.3333332538604736,0.000000,0.00000000000000000000,72.0000000000
1.3333332538604736,0.000000,0.00000000000000000000,73.0000000000
1.3333332538604736,0.000000,0.00000000000000000000,74.0000000000
1.3333332538604736,0.000000,0.00000000000000000000,75.0000000000
1.3333332538604736,0.000000,0.00000000000000000000,76.0000000000
1.3333332538604736,0.000000,0.00000000000000000000,77.0000000000
1.3333332538604736,0.000000,0.00000000000000000000,78.0000000000
1.3333332538604736,0.000000,0.00000000000000000000,79.0000000000
1.3333332538604736,0.000000,0.00000000000000000000,80.0000000000
1.3333332538604736,0.000000,0.00000000000000000000,81.0000000000
1.3333332538604736,0.000000,0.00000000000000000000,82.0000000000
1.3333332538604736,0.000000,0.00000000000000000000,83.0000000000
1.3333332538604736,0.000000,0.00000000000000000000,84.0000000000
1.3333332538604736,0.000000,0.00000000000000000000,85.0000000000
1.3333332538604736,0.000000,0.00000000000000000000,86.0000000000
1.3333332538604736,0.000000,0.00000000000000000000,87.0000000000
1.3333332538604736,0.000000,0.00000000000000000000,88.0000000000
1.3333332538604736,0.000000,0.00000000000000000000,89.0000000000
1.3333332538604736,0.000000,0.00000000000000000000,90.0000000000
1.3333332538604736,0.000000,0.00000000000000000000,91.0000000000
1.3333332538604736,0.000000,0.00000000000000000000,92.0000000000
1.3333332538604736,0.000000,0.00000000000000000000,93.0000000000
1.3333332538604736,0.000000,0.00000000000000000000,94.0000000000
1.3333332538604736,0.000000,0.00000000000000000000,95.0000000000
1.3333332538604736,0.000000,0.00000000000000000000,96.0000000000
1.3333332538604736,0.000000,0.00000000000000000000,97.0000000000
1.3333332538604736,0.000000,0.00000000000000000000,98.0000000000
1.3333332538604736,0.000000,0.00000000000000000000,99.0000000000
1.3333332538604736,0.000000,0.00000000000000000000,100.0000000000
1.3333332538604736,0.000000,0.00000000000000000000,101.0000000000
1.3333332538604736,0.000000,0.00000000000000000000,102.0000000000
1.3333332538604736,0.000000,0.00000000000000000000,103.0000000000
1.3333332538604736,0.000000,0.00000000000000000000,104.0000000000
1.3333332538604736,0.000000,0.00000000000000000000,105.0000000000
1.3333332538604736,0.000000,0.00000000000000000000,106.0000000000
1.3333332538604736,0.000000,0.00000000000000000000,107.0000000000
1.3333332538604736,0.000000,0.00000000000000000000,108.0000000000
1.3333332538604736,0.000000,0.00000000000000000000,109.0000000000
1.3333332538604736,0.000000,0.00000000000000000000,110.0000000000
1.3333332538604736,0.000000,0.00000000000000000000,111.0000000000
1.3333332538604736,0.000000,0.00000000000000000000,112.0000000000
1.3333332538604736,0.000000,0.00000000000000000000,113.0000000000
1.3333332538604736,0.000000,0.00000000000000000000,114.0000000000
1.3333332538604736,0.000000,0.00000000000000000000,115.0000000000
1.3333332538604736,0.000000,0.00000000000000000000,116.0000000000
1.3333332538604736,0.000000,0.00000000000000000000,117.0000000000
1.3333332538604736,0.000000,0.00000000000000000000,118.0000000000
1.3333332538604736,0.000000,0.00000000000000000000,119.0000000000
1.3333332538604736,0.000000,0.00000000000000000000,120.0000000000
1.3333332538604736,0.000000,0.00000000000000000000,121.0000000000
1.3333332538604736,0.000000,0.00000000000000000000,122.0000000000
1.3333332538604736,0.000000,0.00000000000000000000,123.0000000000
1.3333332538604736,0.000000,0.00000000000000000000,124.0000000000
1.3333332538604736,0.000000,0.00000000000000000000,125.0000000000
1.3333332538604736,0.000000,0.00000000000000000000,126.0000000000
1.3333332538604736,0.000000,0.00000000000000000000,127.0000000000
1.3333332538604736,0.000000,0.00000000000000000000,128.0000000000
1.3333332538604736,0.000000,0.00000000000000000000,129.0000000000
1.3333332538604736,0.000000,0.00000000000000000000,130.0000000000
1.3333332538604736,0.000000,0.00000000000000000000,131.0000000000
1.3333332538604736,0.000000,0.00000000000000000000,132.0000000000
1.3333332538604736,0.000000,0.00000000000000000000,133.0000000000
1.3333332538604736,0.000000,0.00000000000000000000,134.0000000000
1.3333332538604736,0.000000,0.00000000000000000000,135.0000000000
1.3333332538604736,0.000000,0.00000000000000000000,136.0000000000
1.3333332538604736,0.000000,0.00000000000000000000,137.0000000000
1.3333332538604736,0.000000,0.00000000000000000000,138.0000000000
1.3333332538604736,0.000000,0.00000000000000000000,139.0000000000
1.3333332538604736,0.000000,0.00000000000000000000,140.0000000000
1.3333332538604736,0.000000,0.00000000000000000000,141.0000000000
1.3333332538604736,0.000000,0.00000000000000000000,142.0000000000
1.3333332538604736,0.000000,0.00000000000000000000,143.0000000000
1.3333332538604736,0.000000,0.00000000000000000000,144.0000000000
1.3333332538604736,0.000000,0.00000000000000000000,145.0000000000
1.3333332538604736,0.000000,0.00000000000000000000,146.0000000000
1.3333332538604736,0.000000,0.00000000000000000000,147.0000000000
1.3333332538604736,0.000000,0.00000000000000000000,148.0000000000
1.3333332538604736,0.000000,0.00000000000000000000,149.0000000000
1.3333332538604736,0.000000,0.00000000000000000000,150.0000000000
1.3333332538604736,0.000000,0.00000000000000000000,151.0000000000
1.3333332538604736,0.000000,0.00000000000000000000,152.0000000000
1.3333305120468140,0.000000,-0.00008899569365894422,153.0000000000
1.3333233594894409,0.000000,-0.00062139623332768679,154.0000000000
1.3333160877227783,0.000000,-0.00132935575675219297,155.0000000000
1.3333120346069336,0.000000,-0.00230267271399497986,156.0000000000
1.3332997560501099,0.000000,-0.00354123394936323166,157.0000000000
1.3332737684249878,0.000000,-0.00560717005282640457,158.0000000000
1.3332318067550659,0.000000,-0.00815064180642366409,159.0000000000
1.3018839359283447,0.000000,-0.01036520581692457199,160.0000000000
1.3018125295639038,0.000000,-0.01280343346297740936,161.0000000000
1.3017175197601318,0.000000,-0.01548193953931331635,162.0000000000
1.3015419244766235,0.000000,-0.01946179941296577454,163.0000000000
1.3013687133789062,0.000000,-0.02275522425770759583,164.0000000000
1.2743467092514038,0.000000,-0.02629260532557964325,165.0000000000
1.2739710807800293,0.000000,-0.03127406910061836243,166.0000000000
1.2736157178878784,0.000000,-0.03519553691148757935,167.0000000000
1.2731916904449463,0.000000,-0.03931491449475288391,168.0000000000
1.2041028738021851,0.000000,-0.04512299969792366028,169.0000000000
1.2034934759140015,0.000000,-0.04971268028020858765,170.0000000000
1.2025252580642700,0.000000,-0.05587629228830337524,171.0000000000
1.2016803026199341,0.000000,-0.06070723384618759155,172.0000000000
1.2007189989089966,0.000000,-0.06559298932552337646,173.0000000000
1.1073861122131348,0.000000,-0.07042016834020614624,174.0000000000
1.1057484149932861,0.000000,-0.07701011747121810913,175.0000000000
1.1043649911880493,0.000000,-0.08204046636819839478,176.0000000000
1.1028376817703247,0.000000,-0.08716752380132675171,177.0000000000
1.1005650758743286,0.000000,-0.09423806518316268921,178.0000000000
1.0986691713333130,0.000000,-0.09974891692399978638,179.0000000000
1.0965963602066040,0.000000,-0.10544451326131820679,180.0000000000
1.0322422981262207,0.000000,-0.11132559925317764282,181.0000000000
1.0289046764373779,0.000000,-0.11913621425628662109,182.0000000000
0.9677000045776367,0.000000,-0.12453152239322662354,183.0000000000
0.9647024273872375,0.000000,-0.12962681055068969727,184.0000000000
0.9592194557189941,0.000000,-0.13797850906848907471,185.0000000000
0.9568374156951904,0.000000,-0.14141906797885894775,186.0000000000
0.8788753151893616,0.000000,-0.14843706786632537842,187.0000000000
0.8746846318244934,0.000000,-0.15360203385353088379,188.0000000000
0.8687984943389893,0.000000,-0.16001510620117187500,189.0000000000
0.8025354146957397,0.000000,-0.16320443153381347656,190.0000000000
0.7944613099098206,0.000000,-0.17128860950469970703,191.0000000000
0.7927742004394531,0.000000,-0.17288200557231903076,192.0000000000
0.6518769860267639,0.000000,-0.18086351454257965088,193.0000000000
0.5787754058837891,0.000000,-0.18560190498828887939,194.0000000000
0.5729042887687683,0.000000,-0.19018024206161499023,195.0000000000
0.5646654963493347,0.000000,-0.19633717834949493408,196.0000000000
0.5581708550453186,0.000000,-0.20094507932662963867,197.0000000000
0.5491136908531189,0.000000,-0.20634134113788604736,198.0000000000
0.5419901013374329,0.000000,-0.21025082468986511230,199.0000000000
0.5345169305801392,0.000000,-0.21415604650974273682,200.0000000000
0.5241313576698303,0.000000,-0.21912330389022827148,201.0000000000
0.4414085447788239,0.000000,-0.22062815725803375244,202.0000000000
0.4331379830837250,0.000000,-0.22380781173706054688,203.0000000000
0.4247811734676361,0.000000,-0.22557722032070159912,204.0000000000
0.4218616187572479,0.000000,-0.20199432969093322754,205.0000000000
0.4139926433563232,0.000000,-0.20236144959926605225,206.0000000000
0.4060266911983490,0.000000,-0.20274139940738677979,207.0000000000
0.3952440023422241,0.000000,-0.20328402519226074219,208.0000000000
0.3870678842067719,0.000000,-0.20354604721069335938,209.0000000000
0.3788041174411774,0.000000,-0.20378544926643371582,210.0000000000
0.3676294684410095,0.000000,-0.20417547225952148438,211.0000000000
0.3619693219661713,0.000000,-0.20441699028015136719,212.0000000000
0.3475650548934937,0.000000,-0.20517790317535400391,213.0000000000
0.3416891098022461,0.000000,-0.20570324361324310303,214.0000000000
0.3296630680561066,0.000000,-0.20795711874961853027,215.0000000000
0.3202702403068542,0.000000,-0.21004906296730041504,216.0000000000
0.3106604218482971,0.000000,-0.21237714588642120361,217.0000000000
0.2975377142429352,0.000000,-0.21578207612037658691,218.0000000000
0.2839624285697937,0.000000,-0.21947243809700012207,219.0000000000
0.2734334468841553,0.000000,-0.22242613136768341064,220.0000000000
0.2625792026519775,0.000000,-0.22554664313793182373,221.0000000000
0.2513999938964844,0.000000,-0.22854696214199066162,222.0000000000
0.2398743480443954,0.000000,-0.23151746392250061035,223.0000000000
0.2733718156814575,0.000000,-0.17216198146343231201,224.0000000000
0.2673006057739258,0.000000,-0.17269805073738098145,225.0000000000
0.2549310028553009,0.000000,-0.17350149154663085938,226.0000000000
0.2468117773532867,0.000000,-0.17258881032466888428,227.0000000000
0.2339451611042023,0.000000,-0.17343582212924957275,228.0000000000
0.2239722907543182,0.000000,-0.17418386042118072510,229.0000000000
0.2136904597282410,0.000000,-0.17505136132240295410,230.0000000000
0.2120826095342636,0.000000,-0.16825477778911590576,231.0000000000
0.1978358328342438,0.000000,-0.17313160002231597900,232.0000000000
0.1865206211805344,0.000000,-0.17758031189441680908,233.0000000000
0.1959172636270523,0.000000,-0.16168400645256042480,234.0000000000
0.1281447261571884,0.000000,-0.18861719965934753418,235.0000000000
0.1289664059877396,0.000000,-0.18085676431655883789,236.0000000000
0.1201325431466103,0.000000,-0.18244628608226776123,237.0000000000
0.1041244640946388,0.000000,-0.18910706043243408203,238.0000000000
0.0932210683822632,0.000000,-0.19191503524780273438,239.0000000000
0.0694289356470108,0.000000,-0.20189139246940612793,240.0000000000
-0.7932649254798889,0.000000,-0.58996319770812988281,241.0000000000
-0.7886765599250793,0.000000,-0.58825922012329101562,242.0000000000
-0.7840802073478699,0.000000,-0.58649051189422607422,243.0000000000
-0.7779328227043152,0.000000,-0.58428561687469482422,244.0000000000
-0.7732921838760376,0.000000,-0.58265024423599243164,245.0000000000
-0.7671343088150024,0.000000,-0.58011800050735473633,246.0000000000
-0.7628431320190430,0.000000,-0.57628405094146728516,247.0000000000
-0.7588481903076172,0.000000,-0.57145065069198608398,248.0000000000
-0.7553901672363281,0.000000,-0.56686556339263916016,249.0000000000
-0.7502769827842712,0.000000,-0.55880093574523925781,250.0000000000
-0.7484228610992432,0.000000,-0.55563491582870483398,251.0000000000
-0.7449297308921814,0.000000,-0.54956704378128051758,252.0000000000
-0.1898499280214310,0.000000,-0.61264663934707641602,253.0000000000
-0.1887172609567642,0.000000,-0.60686397552490234375,254.0000000000
-0.1876766234636307,0.000000,-0.60145920515060424805,255.0000000000
-0.1871892809867859,0.000000,-0.59886789321899414062,256.0000000000
-0.1862758547067642,0.000000,-0.59387773275375366211,257.0000000000
-0.1848575770854950,0.000000,-0.58573329448699951172,258.0000000000
-0.1841316223144531,0.000000,-0.58135831356048583984,259.0000000000
-0.1836107671260834,0.000000,-0.57821136713027954102,260.0000000000
-0.1831127405166626,0.000000,-0.57514137029647827148,261.0000000000
-0.1826379448175430,0.000000,-0.57214021682739257812,262.0000000000
-0.1821785271167755,0.000000,-0.56918120384216308594,263.0000000000
-0.1815987229347229,0.000000,-0.56551963090896606445,264.0000000000
-0.1810432374477386,0.000000,-0.56195867061614990234,265.0000000000
-0.1081492081284523,0.000000,-0.55931961536407470703,266.0000000000
-0.0584404766559601,0.000000,-0.55650752782821655273,267.0000000000
-0.0408630259335041,0.000000,-0.55270648002624511719,268.0000000000
-0.0084414780139923,0.000000,-0.54988229274749755859,269.0000000000
-0.0084202392026782,0.000000,-0.54713523387908935547,270.0000000000
-0.0083931684494019,0.000000,-0.54369056224822998047,271.0000000000
-0.0083670513704419,0.000000,-0.54031461477279663086,272.0000000000
-0.0083478679880500,0.000000,-0.53776967525482177734,273.0000000000
-0.0083289844915271,0.000000,-0.53521782159805297852,274.0000000000
-0.0083103878423572,0.000000,-0.53266358375549316406,275.0000000000
-0.0082860579714179,0.000000,-0.52925920486450195312,276.0000000000
-0.0082684848457575,0.000000,-0.52672457695007324219,277.0000000000
-0.0043933689594269,0.000000,-0.52424705028533935547,278.0000000000
-0.0043820939026773,0.000000,-0.52104151248931884766,279.0000000000
0.0059681483544409,0.000000,-0.51947999000549316406,280.0000000000
0.0059501724317670,0.000000,-0.51570123434066772461,281.0000000000
0.0059433481656015,0.000000,-0.51423907279968261719,282.0000000000
0.0147978216409683,0.000000,-0.51140117645263671875,283.0000000000
0.0147738941013813,0.000000,-0.50934857130050659180,284.0000000000
0.0147433234378695,0.000000,-0.50669908523559570312,285.0000000000
0.0147207761183381,0.000000,-0.50472700595855712891,286.0000000000
1.2849473953247070,0.000000,0.01589612662792205811,287.0000000000
1.2852845191955566,0.000000,0.01773197762668132782,288.0000000000
1.2928985357284546,0.000000,0.01862618140876293182,289.0000000000
1.2980743646621704,0.000000,0.02036775276064872742,290.0000000000
1.3044277429580688,0.000000,0.02163388021290302277,291.0000000000
1.3091993331909180,0.000000,0.02326773107051849365,292.0000000000
1.3134808540344238,0.000000,0.02445234544575214386,293.0000000000
1.3177412748336792,0.000000,0.02560337074100971222,294.0000000000
1.3181087970733643,0.000000,0.02708595618605613708,295.0000000000
1.3311241865158081,0.000000,0.02919838391244411469,296.0000000000
1.3309730291366577,0.000000,0.03077503107488155365,297.0000000000
1.3308436870574951,0.000000,0.03163328766822814941,298.0000000000
1.3308641910552979,0.000000,0.03212423995137214661,299.0000000000
1.3310773372650146,0.000000,0.03298623859882354736,300.0000000000
1.3314394950866699,0.000000,0.03372887149453163147,301.0000000000
1.3317643404006958,0.000000,0.03375309705734252930,302.0000000000
1.3323231935501099,0.000000,0.03176229819655418396,303.0000000000
1.3344333171844482,0.000000,0.02478492259979248047,304.0000000000
1.3348551988601685,0.000000,0.02325317077338695526,305.0000000000
1.3382109403610229,0.000000,0.00118128000758588314,306.0000000000
1.3359413146972656,0.000000,-0.00207642023451626301,307.0000000000
1.3348015546798706,0.000000,-0.00526144448667764664,308.0000000000
1.3339928388595581,0.000000,-0.00981129426509141922,309.0000000000
1.3337970972061157,0.000000,-0.01338694617152214050,310.0000000000
1.3338068723678589,0.000000,-0.01588778197765350342,311.0000000000
1.3341400623321533,0.000000,-0.02259815856814384460,312.0000000000
1.3343911170959473,0.000000,-0.02676410973072052002,313.0000000000
1.3346610069274902,0.000000,-0.03110214322805404663,314.0000000000
1.3349137306213379,0.000000,-0.03563041239976882935,315.0000000000
1.3351845741271973,0.000000,-0.04196428880095481873,316.0000000000
1.3353055715560913,0.000000,-0.04640551283955574036,317.0000000000
1.3353328704833984,0.000000,-0.05180160701274871826,318.0000000000
1.3352807760238647,0.000000,-0.05597293376922607422,319.0000000000
1.1989591121673584,0.000000,-0.06966972351074218750,320.0000000000
1.1884771585464478,0.000000,-0.07960398495197296143,321.0000000000
1.1877343654632568,0.000000,-0.08393964916467666626,322.0000000000
1.1541341543197632,0.000000,-0.09299664199352264404,323.0000000000
1.1530799865722656,0.000000,-0.09729528427124023438,324.0000000000
1.1516567468643188,0.000000,-0.10177815705537796021,325.0000000000
1.1489752531051636,0.000000,-0.10779606550931930542,326.0000000000
1.1474331617355347,0.000000,-0.11089023202657699585,327.0000000000
1.1432327032089233,0.000000,-0.11892233043909072876,328.0000000000
1.1414262056350708,0.000000,-0.12224482744932174683,329.0000000000
1.1375987529754639,0.000000,-0.12887819111347198486,330.0000000000
1.0756646394729614,0.000000,-0.13368710875511169434,331.0000000000
1.0714046955108643,0.000000,-0.13995185494422912598,332.0000000000
1.0680776834487915,0.000000,-0.14465074241161346436,333.0000000000
1.0646252632141113,0.000000,-0.14942963421344757080,334.0000000000
1.0609450340270996,0.000000,-0.15401107072830200195,335.0000000000
1.0569347143173218,0.000000,-0.15762880444526672363,336.0000000000
1.0512659549713135,0.000000,-0.16217786073684692383,337.0000000000
1.0452803373336792,0.000000,-0.16676765680313110352,338.0000000000
1.0405960083007812,0.000000,-0.17028735578060150146,339.0000000000
0.9411192536354065,0.000000,-0.17392416298389434814,340.0000000000
0.9345259666442871,0.000000,-0.17831107974052429199,341.0000000000
0.9294543266296387,0.000000,-0.18065667152404785156,342.0000000000
0.9242689609527588,0.000000,-0.18284584581851959229,343.0000000000
0.9189333319664001,0.000000,-0.18476194143295288086,344.0000000000
0.9119493961334229,0.000000,-0.18613326549530029297,345.0000000000
0.9069285392761230,0.000000,-0.18787352740764617920,346.0000000000
0.9004254341125488,0.000000,-0.19045943021774291992,347.0000000000
0.8955452442169189,0.000000,-0.19254003465175628662,348.0000000000
0.8835534453392029,0.000000,-0.19765843451023101807,349.0000000000
0.8780453205108643,0.000000,-0.19996903836727142334,350.0000000000
0.8703184723854065,0.000000,-0.20300543308258056641,351.0000000000
0.8642202615737915,0.000000,-0.20412561297416687012,352.0000000000
0.8559827208518982,0.000000,-0.20303669571876525879,353.0000000000
0.8502982258796692,0.000000,-0.20454089343547821045,354.0000000000
0.8445737361907959,0.000000,-0.20621670782566070557,355.0000000000
0.8367791771888733,0.000000,-0.20862746238708496094,356.0000000000
0.8307889103889465,0.000000,-0.21056671440601348877,357.0000000000
0.8246440887451172,0.000000,-0.21261273324489593506,358.0000000000
0.8183012008666992,0.000000,-0.21476514637470245361,359.0000000000
0.8095679879188538,0.000000,-0.21712745726108551025,360.0000000000
0.8028169274330139,0.000000,-0.21869376301765441895,361.0000000000
0.7958219051361084,0.000000,-0.22031605243682861328,362.0000000000
0.7884097099304199,0.000000,-0.22208642959594726562,363.0000000000
0.7780532240867615,0.000000,-0.22466546297073364258,364.0000000000
0.5810057520866394,0.000000,-0.22666969895362854004,365.0000000000
0.5757958889007568,0.000000,-0.22807990014553070068,366.0000000000
0.6273983120918274,0.000000,-0.23179358243942260742,367.0000000000
0.6237680912017822,0.000000,-0.23310866951942443848,368.0000000000
0.6125414967536926,0.000000,-0.23535275459289550781,369.0000000000
0.7273585796356201,0.000000,-0.23647715151309967041,370.0000000000
0.7205538153648376,0.000000,-0.23753720521926879883,371.0000000000
0.7138013243675232,0.000000,-0.23861302435398101807,372.0000000000
0.6961908340454102,0.000000,-0.23994772136211395264,373.0000000000
0.6897390484809875,0.000000,-0.24092136323451995850,374.0000000000
0.6832895278930664,0.000000,-0.24190707504749298096,375.0000000000
0.6746475100517273,0.000000,-0.24301011860370635986,376.0000000000
0.6680755615234375,0.000000,-0.24380667507648468018,377.0000000000
0.6613926291465759,0.000000,-0.24465115368366241455,378.0000000000
0.6522256135940552,0.000000,-0.24598737061023712158,379.0000000000
0.6450925469398499,0.000000,-0.24727286398410797119,380.0000000000
0.6352763772010803,0.000000,-0.24906073510646820068,381.0000000000
0.6276432275772095,0.000000,-0.25047114491462707520,382.0000000000
0.6170719861984253,0.000000,-0.25250333547592163086,383.0000000000
0.6088330149650574,0.000000,-0.25411495566368103027,384.0000000000
0.6003727316856384,0.000000,-0.25557070970535278320,385.0000000000
0.5915598273277283,0.000000,-0.25678813457489013672,386.0000000000
0.5629274845123291,0.000000,-0.25801721215248107910,387.0000000000
0.5505421757698059,0.000000,-0.25969409942626953125,388.0000000000
0.5455687046051025,0.000000,-0.26099532842636108398,389.0000000000
0.5320903062820435,0.000000,-0.26289516687393188477,390.0000000000
0.5251312851905823,0.000000,-0.26388993859291076660,391.0000000000
0.5141080021858215,0.000000,-0.26658830046653747559,392.0000000000
0.5166634917259216,0.000000,-0.26778143644332885742,393.0000000000
0.5012778043746948,0.000000,-0.27018633484840393066,394.0000000000
0.5816201567649841,0.000000,-0.27216261625289916992,395.0000000000
0.5694028735160828,0.000000,-0.27425542473793029785,396.0000000000
0.5552735328674316,0.000000,-0.27735492587089538574,397.0000000000
-0.1733582466840744,0.000000,-0.66064190864562988281,398.0000000000
-0.1725533455610275,0.000000,-0.65899330377578735352,399.0000000000
-0.1717381477355957,0.000000,-0.65706324577331542969,400.0000000000
-0.1205848976969719,0.000000,-0.65422320365905761719,401.0000000000
-0.1202172562479973,0.000000,-0.65256595611572265625,402.0000000000
-0.1196887791156769,0.000000,-0.65001004934310913086,403.0000000000
-0.1190176829695702,0.000000,-0.64660704135894775391,404.0000000000
-0.0825790241360664,0.000000,-0.64409005641937255859,405.0000000000
-0.0821269750595093,0.000000,-0.64077937602996826172,406.0000000000
-0.0818024948239326,0.000000,-0.63832765817642211914,407.0000000000
-0.0814899206161499,0.000000,-0.63589680194854736328,408.0000000000
-0.0565416924655437,0.000000,-0.63349676132202148438,409.0000000000
-0.0562604777514935,0.000000,-0.63035237789154052734,410.0000000000
-0.0372262038290501,0.000000,-0.62802928686141967773,411.0000000000
1.3583973646163940,0.000000,0.00378439924679696560,412.0000000000
1.3589758872985840,0.000000,0.00871731620281934738,413.0000000000
1.3754892349243164,0.000000,0.01353567466139793396,414.0000000000
1.3765239715576172,0.000000,0.02056281454861164093,415.0000000000
1.3770753145217896,0.000000,0.02398829534649848938,416.0000000000
1.3778413534164429,0.000000,0.02846738882362842560,417.0000000000
1.3784384727478027,0.000000,0.03176158294081687927,418.0000000000
1.3790515661239624,0.000000,0.03500579297542572021,419.0000000000
1.3794678449630737,0.000000,0.03714119642972946167,420.0000000000
1.3805445432662964,0.000000,0.04238064587116241455,421.0000000000
1.3814207315444946,0.000000,0.04412227869033813477,422.0000000000
1.3821111917495728,0.000000,0.04056484997272491455,423.0000000000
1.3829462528228760,0.000000,0.03481815382838249207,424.0000000000
1.3833663463592529,0.000000,0.03174786269664764404,425.0000000000
1.3841832876205444,0.000000,0.02532575465738773346,426.0000000000
1.4058834314346313,0.000000,0.01851789280772209167,427.0000000000
1.4062224626541138,0.000000,0.01487858127802610397,428.0000000000
1.4068028926849365,0.000000,0.00733975181356072426,429.0000000000
1.4072427749633789,0.000000,-0.00036699767224490643,430.0000000000
1.4074791669845581,0.000000,-0.00632327608764171600,431.0000000000
1.4076261520385742,0.000000,-0.01246000546962022781,432.0000000000
1.3577705621719360,0.000000,-0.01877522282302379608,433.0000000000
1.3576569557189941,0.000000,-0.02694899216294288635,434.0000000000
1.3302831649780273,0.000000,-0.03291533887386322021,435.0000000000
1.3299392461776733,0.000000,-0.03886444121599197388,436.0000000000
1.3292974233627319,0.000000,-0.04664459079504013062,437.0000000000
1.3286792039871216,0.000000,-0.05248457193374633789,438.0000000000
1.3279390335083008,0.000000,-0.05841986835002899170,439.0000000000
1.3267556428909302,0.000000,-0.06633128225803375244,440.0000000000
1.3257154226303101,0.000000,-0.07236804068088531494,441.0000000000
1.3240932226181030,0.000000,-0.08057340234518051147,442.0000000000
1.2604819536209106,0.000000,-0.08658358454704284668,443.0000000000
1.2589133977890015,0.000000,-0.09165243059396743774,444.0000000000
1.2300026416778564,0.000000,-0.09813557565212249756,445.0000000000
1.2280101776123047,0.000000,-0.10307554155588150024,446.0000000000
1.2259662151336670,0.000000,-0.10821712017059326172,447.0000000000
1.1922374963760376,0.000000,-0.11354768276214599609,448.0000000000
1.1891560554504395,0.000000,-0.12048710882663726807,449.0000000000
1.1866286993026733,0.000000,-0.12550766766071319580,450.0000000000
1.1389188766479492,0.000000,-0.13059592247009277344,451.0000000000
1.1349660158157349,0.000000,-0.13754542171955108643,452.0000000000
1.1317540407180786,0.000000,-0.14289590716361999512,453.0000000000
1.0850819349288940,0.000000,-0.14794814586639404297,454.0000000000
1.0813823938369751,0.000000,-0.15283510088920593262,455.0000000000
1.0759568214416504,0.000000,-0.15926988422870635986,456.0000000000
1.0715897083282471,0.000000,-0.16370679438114166260,457.0000000000
1.0154826641082764,0.000000,-0.16954804956912994385,458.0000000000
1.0105544328689575,0.000000,-0.17378388345241546631,459.0000000000
0.7564444541931152,0.000000,-0.19615377485752105713,460.0000000000
0.7496511936187744,0.000000,-0.19962483644485473633,461.0000000000
0.7427479624748230,0.000000,-0.20311316847801208496,462.0000000000
0.7333405613899231,0.000000,-0.20765790343284606934,463.0000000000
0.7261189222335815,0.000000,-0.21099422872066497803,464.0000000000
0.6726988554000854,0.000000,-0.21440330147743225098,465.0000000000
0.6624683141708374,0.000000,-0.21911655366420745850,466.0000000000
0.6544803977012634,0.000000,-0.22279474139213562012,467.0000000000
0.6461813449859619,0.000000,-0.22659990191459655762,468.0000000000
0.6345696449279785,0.000000,-0.23184588551521301270,469.0000000000
0.6253755688667297,0.000000,-0.23585118353366851807,470.0000000000
0.6124515533447266,0.000000,-0.24115109443664550781,471.0000000000
0.6023890972137451,0.000000,-0.24406051635742187500,472.0000000000
0.5921776294708252,0.000000,-0.24666340649127960205,473.0000000000
0.5793861746788025,0.000000,-0.24930252134799957275,474.0000000000
0.5648298859596252,0.000000,-0.25153967738151550293,475.0000000000
0.5536314845085144,0.000000,-0.25259503722190856934,476.0000000000
0.5267506837844849,0.000000,-0.25369691848754882812,477.0000000000
0.5186970233917236,0.000000,-0.25422298908233642578,478.0000000000
0.5025162100791931,0.000000,-0.25544679164886474609,479.0000000000
0.4865384101867676,0.000000,-0.25688496232032775879,480.0000000000
0.4759907424449921,0.000000,-0.25808078050613403320,481.0000000000
0.4639542996883392,0.000000,-0.25929409265518188477,482.0000000000
0.4516795873641968,0.000000,-0.26060101389884948730,483.0000000000
0.4326223134994507,0.000000,-0.26195007562637329102,484.0000000000
0.4185586869716644,0.000000,-0.26312357187271118164,485.0000000000
0.3998242616653442,0.000000,-0.26538404822349548340,486.0000000000
0.4017530679702759,0.000000,-0.26734718680381774902,487.0000000000
0.3873544633388519,0.000000,-0.26959580183029174805,488.0000000000
0.3723446130752563,0.000000,-0.27218669652938842773,489.0000000000
0.3539927303791046,0.000000,-0.27601879835128784180,490.0000000000
0.3377818167209625,0.000000,-0.27912366390228271484,491.0000000000
0.3209576308727264,0.000000,-0.28249996900558471680,492.0000000000
0.3093868792057037,0.000000,-0.28607854247093200684,493.0000000000
0.2847939133644104,0.000000,-0.29128623008728027344,494.0000000000
-0.4047118723392487,0.000000,-0.63735693693161010742,495.0000000000
-0.4020638763904572,0.000000,-0.63357919454574584961,496.0000000000
-0.3995078504085541,0.000000,-0.62972831726074218750,497.0000000000
-0.3962374627590179,0.000000,-0.62449789047241210938,498.0000000000
-0.3938855826854706,0.000000,-0.62050223350524902344,499.0000000000
-0.3916189968585968,0.000000,-0.61648541688919067383,500.0000000000
-0.3894299268722534,0.000000,-0.61246991157531738281,501.0000000000
-0.3866021633148193,0.000000,-0.60719043016433715820,502.0000000000
-0.3845107853412628,0.000000,-0.60325109958648681641,503.0000000000
-0.3817733228206635,0.000000,-0.59792757034301757812,504.0000000000
-0.2387305498123169,0.000000,-0.58972674608230590820,505.0000000000
-0.2370096594095230,0.000000,-0.58412843942642211914,506.0000000000
-0.2357573956251144,0.000000,-0.57988286018371582031,507.0000000000
-0.1759831905364990,0.000000,-0.57559472322463989258,508.0000000000
-0.1738606244325638,0.000000,-0.56545096635818481445,509.0000000000
-0.1227971836924553,0.000000,-0.55595386028289794922,510.0000000000
-0.1222319379448891,0.000000,-0.55083715915679931641,511.0000000000
-0.1213520392775536,0.000000,-0.54235291481018066406,512.0000000000
-0.1210194230079651,0.000000,-0.53899896144866943359,513.0000000000
-0.1203851327300072,0.000000,-0.53236991167068481445,514.0000000000
-0.1200826093554497,0.000000,-0.52908569574356079102,515.0000000000
-0.1195037290453911,0.000000,-0.52262121438980102539,516.0000000000
-0.1190930977463722,0.000000,-0.51786822080612182617,517.0000000000
-0.1184499561786652,0.000000,-0.51012241840362548828,518.0000000000
-0.1180860996246338,0.000000,-0.50550693273544311523,519.0000000000
-0.1177380308508873,0.000000,-0.50094306468963623047,520.0000000000
-0.0796955749392509,0.000000,-0.49795469641685485840,521.0000000000
-0.0793978795409203,0.000000,-0.49212557077407836914,522.0000000000
-0.0791866481304169,0.000000,-0.48787587881088256836,523.0000000000
-0.0426935181021690,0.000000,-0.48239254951477050781,524.0000000000
-0.0425876043736935,0.000000,-0.47841644287109375000,525.0000000000
-0.0424546487629414,0.000000,-0.47329252958297729492,526.0000000000
0.0527162551879883,0.000000,-0.42876940965652465820,527.0000000000
0.0526878498494625,0.000000,-0.42784947156906127930,528.0000000000
1.2970601320266724,0.000000,0.01201346516609191895,529.0000000000
1.2975888252258301,0.000000,0.01502535678446292877,530.0000000000
1.3017733097076416,0.000000,0.01650059781968593597,531.0000000000
1.3023383617401123,0.000000,0.01940509863197803497,532.0000000000
1.3027822971343994,0.000000,0.02154667489230632782,533.0000000000
1.3034013509750366,0.000000,0.02433845773339271545,534.0000000000
1.3038796186447144,0.000000,0.02638423815369606018,535.0000000000
1.3043698072433472,0.000000,0.02839167229831218719,536.0000000000
1.3050409555435181,0.000000,0.03101609088480472565,537.0000000000
1.3057278394699097,0.000000,0.03359714895486831665,538.0000000000
1.3062529563903809,0.000000,0.03550441935658454895,539.0000000000
1.3011920452117920,0.000000,0.03597593307495117188,540.0000000000
1.3015375137329102,0.000000,0.03406792134046554565,541.0000000000
1.2835918664932251,0.000000,0.02959264814853668213,542.0000000000
1.2841815948486328,0.000000,0.02464961819350719452,543.0000000000
1.2844499349594116,0.000000,0.02202463336288928986,544.0000000000
1.2849411964416504,0.000000,0.01647099107503890991,545.0000000000
1.2852669954299927,0.000000,0.01203863695263862610,546.0000000000
1.2855677604675293,0.000000,0.00737003888934850693,547.0000000000
1.2642533779144287,0.000000,0.00079357612412422895,548.0000000000
1.2644635438919067,0.000000,-0.00422148546203970909,549.0000000000
1.2646600008010864,0.000000,-0.01091136410832405090,550.0000000000
1.2413359880447388,0.000000,-0.01604284718632698059,551.0000000000
1.2413363456726074,0.000000,-0.02133455686271190643,552.0000000000
1.2412596940994263,0.000000,-0.02680111676454544067,553.0000000000
1.2410289049148560,0.000000,-0.03433562070131301880,554.0000000000
1.2134569883346558,0.000000,-0.04016803205013275146,555.0000000000
1.2131029367446899,0.000000,-0.04618338495492935181,556.0000000000
1.2124692201614380,0.000000,-0.05441994592547416687,557.0000000000
0.7848860025405884,0.000000,-0.19078186154365539551,558.0000000000
0.7799450159072876,0.000000,-0.19900812208652496338,559.0000000000
0.7520369291305542,0.000000,-0.23807676136493682861,560.0000000000
0.7449569702148438,0.000000,-0.24681971967220306396,561.0000000000
0.7374673485755920,0.000000,-0.25545841455459594727,562.0000000000
0.5552664399147034,0.000000,-0.27579325437545776367,563.0000000000
0.4852193295955658,0.000000,-0.28481054306030273438,564.0000000000
0.4630252122879028,0.000000,-0.30116081237792968750,565.0000000000
0.4530506134033203,0.000000,-0.30422279238700866699,566.0000000000
0.4249186217784882,0.000000,-0.29052311182022094727,567.0000000000
0.4145541191101074,0.000000,-0.29264131188392639160,568.0000000000
0.4004691243171692,0.000000,-0.27891394495964050293,569.0000000000
0.3868288993835449,0.000000,-0.27799612283706665039,570.0000000000
0.3836318850517273,0.000000,-0.26268500089645385742,571.0000000000
0.3736319243907928,0.000000,-0.26134285330772399902,572.0000000000
0.3604086935520172,0.000000,-0.25832590460777282715,573.0000000000
0.3505417108535767,0.000000,-0.25570917129516601562,574.0000000000
0.3373142480850220,0.000000,-0.25238728523254394531,575.0000000000
0.3273037075996399,0.000000,-0.24969203770160675049,576.0000000000
0.3172580301761627,0.000000,-0.24664445221424102783,577.0000000000
0.3037924468517303,0.000000,-0.24266673624515533447,578.0000000000
0.2970317602157593,0.000000,-0.24071741104125976562,579.0000000000
0.3088746666908264,0.000000,-0.20255963504314422607,580.0000000000
0.2996995747089386,0.000000,-0.19931770861148834229,581.0000000000
0.2871886193752289,0.000000,-0.19534577429294586182,582.0000000000
0.2774907350540161,0.000000,-0.19359584152698516846,583.0000000000
0.2676634788513184,0.000000,-0.19225767254829406738,584.0000000000
0.2547764778137207,0.000000,-0.19036094844341278076,585.0000000000
0.2792473733425140,0.000000,-0.15352244675159454346,586.0000000000
0.2712841033935547,0.000000,-0.15417675673961639404,587.0000000000
0.2632163763046265,0.000000,-0.15553902089595794678,588.0000000000
0.2422012835741043,0.000000,-0.16756601631641387939,589.0000000000
0.2331280112266541,0.000000,-0.16956450045108795166,590.0000000000
0.2198215723037720,0.000000,-0.17404830455780029297,591.0000000000
0.2542314529418945,0.000000,-0.13835427165031433105,592.0000000000
0.2450094819068909,0.000000,-0.14237071573734283447,593.0000000000
0.2314950972795486,0.000000,-0.14776384830474853516,594.0000000000
0.2964591979980469,0.000000,-0.08564640581607818604,595.0000000000
0.2857001423835754,0.000000,-0.09190112352371215820,596.0000000000
0.2803494334220886,0.000000,-0.09631183743476867676,597.0000000000
0.2682540416717529,0.000000,-0.10348665714263916016,598.0000000000
0.2582677602767944,0.000000,-0.10846991091966629028,599.0000000000
0.2439162582159042,0.000000,-0.11505301296710968018,600.0000000000
0.2326238006353378,0.000000,-0.11986991018056869507,601.0000000000
0.2169129550457001,0.000000,-0.12630613148212432861,602.0000000000
0.2044788599014282,0.000000,-0.13130018115043640137,603.0000000000
0.1913222074508667,0.000000,-0.13652187585830688477,604.0000000000
0.1815656423568726,0.000000,-0.13952691853046417236,605.0000000000
0.1603646874427795,0.000000,-0.14776957035064697266,606.0000000000
-0.8834932446479797,0.000000,-0.55180561542510986328,607.0000000000
-0.8771961331367493,0.000000,-0.54992574453353881836,608.0000000000
-0.8724683523178101,0.000000,-0.54841995239257812500,609.0000000000
-0.8680032491683960,0.000000,-0.54531526565551757812,610.0000000000
-0.8624854683876038,0.000000,-0.53939795494079589844,611.0000000000
-0.8598711490631104,0.000000,-0.53610426187515258789,612.0000000000
-0.8548660874366760,0.000000,-0.52922976016998291016,613.0000000000
-0.8524627089500427,0.000000,-0.52572250366210937500,614.0000000000
-0.5465002059936523,0.000000,-0.62388992309570312500,615.0000000000
-0.5437522530555725,0.000000,-0.61812067031860351562,616.0000000000
-0.5411423444747925,0.000000,-0.61240375041961669922,617.0000000000
-0.5386533141136169,0.000000,-0.60674458742141723633,618.0000000000
-0.5355079770088196,0.000000,-0.59929192066192626953,619.0000000000
-0.5332720875740051,0.000000,-0.59377312660217285156,620.0000000000
-0.5311357378959656,0.000000,-0.58831590414047241211,621.0000000000
-0.5284351706504822,0.000000,-0.58113819360733032227,622.0000000000
-0.3611512780189514,0.000000,-0.57654583454132080078,623.0000000000
-0.3598348498344421,0.000000,-0.57129770517349243164,624.0000000000
-0.3585763573646545,0.000000,-0.56611359119415283203,625.0000000000
-0.3569838702678680,0.000000,-0.55930358171463012695,626.0000000000
-0.3558454513549805,0.000000,-0.55425214767456054688,627.0000000000
-0.3547500669956207,0.000000,-0.54923725128173828125,628.0000000000
-0.1813506931066513,0.000000,-0.54261112213134765625,629.0000000000
-0.1806195229291916,0.000000,-0.53605949878692626953,630.0000000000
-0.1445224285125732,0.000000,-0.53119772672653198242,631.0000000000
-0.1441088169813156,0.000000,-0.52637583017349243164,632.0000000000
-0.1437088698148727,0.000000,-0.52157467603683471680,633.0000000000
-0.1200480833649635,0.000000,-0.51519328355789184570,634.0000000000
-0.1197310090065002,0.000000,-0.51042318344116210938,635.0000000000
-0.1193233728408813,0.000000,-0.50408864021301269531,636.0000000000
-0.1007314547896385,0.000000,-0.49935930967330932617,637.0000000000
-0.1004857048392296,0.000000,-0.49464541673660278320,638.0000000000
-0.1002472117543221,0.000000,-0.48994740843772888184,639.0000000000
-0.0845730900764465,0.000000,-0.48370927572250366211,640.0000000000
-0.0843197479844093,0.000000,-0.47750458121299743652,641.0000000000
-0.0841362923383713,0.000000,-0.47287517786026000977,642.0000000000
-0.0839581862092018,0.000000,-0.46826565265655517578,643.0000000000
-0.0713234692811966,0.000000,-0.46367284655570983887,644.0000000000
-0.0711309686303139,0.000000,-0.45757728815078735352,645.0000000000
-0.0604101382195950,0.000000,-0.45302757620811462402,646.0000000000
-0.0602933019399643,0.000000,-0.44849854707717895508,647.0000000000
-0.0601798035204411,0.000000,-0.44399169087409973145,648.0000000000
-0.0600694976747036,0.000000,-0.43950751423835754395,649.0000000000
1.4900546073913574,0.000000,0.00488286931067705154,650.0000000000
1.4903172254562378,0.000000,0.00729465670883655548,651.0000000000
1.4909138679504395,0.000000,0.01205769646912813187,652.0000000000
1.5047106742858887,0.000000,0.01787980832159519196,653.0000000000
1.5050848722457886,0.000000,0.02017047815024852753,654.0000000000
1.5058847665786743,0.000000,0.02469429746270179749,655.0000000000
1.5190620422363281,0.000000,0.02804090641438961029,656.0000000000
1.5340839624404907,0.000000,0.04207839071750640869,657.0000000000
1.5452747344970703,0.000000,0.04625105112791061401,658.0000000000
1.5546013116836548,0.000000,0.04933482408523559570,659.0000000000
1.5091528892517090,0.000000,0.05238093063235282898,660.0000000000
1.5100923776626587,0.000000,0.05538969859480857849,661.0000000000
1.5116980075836182,0.000000,0.05787885934114456177,662.0000000000
1.5123603343963623,0.000000,0.05514593422412872314,663.0000000000
1.5133117437362671,0.000000,0.04991967976093292236,664.0000000000
1.5146591663360596,0.000000,0.03990177065134048462,665.0000000000
1.5153075456619263,0.000000,0.03324557095766067505,666.0000000000
1.5158237218856812,0.000000,0.02619400434195995331,667.0000000000
1.4528181552886963,0.000000,0.01873264648020267487,668.0000000000
1.4530773162841797,0.000000,0.00819596741348505020,669.0000000000
1.4530733823776245,0.000000,-0.00009899138967739418,670.0000000000
1.4528803825378418,0.000000,-0.00875876378268003464,671.0000000000
1.3766993284225464,0.000000,-0.01778850145637989044,672.0000000000
1.3757910728454590,0.000000,-0.03008552454411983490,673.0000000000
1.3010137081146240,0.000000,-0.03899523615837097168,674.0000000000
1.2997349500656128,0.000000,-0.04732900112867355347,675.0000000000
1.2976356744766235,0.000000,-0.05852020531892776489,676.0000000000
1.0110545158386230,0.000000,-0.07605009526014328003,677.0000000000
0.9020221233367920,0.000000,-0.08830479532480239868,678.0000000000
0.8990892767906189,0.000000,-0.09705976396799087524,679.0000000000
0.8945968747138977,0.000000,-0.10850600153207778931,680.0000000000
0.8907852172851562,0.000000,-0.11724676191806793213,681.0000000000
0.8850626945495605,0.000000,-0.12922702729701995850,682.0000000000
0.8819081187248230,0.000000,-0.13536904752254486084,683.0000000000
0.8749700188636780,0.000000,-0.14796701073646545410,684.0000000000
0.8691711425781250,0.000000,-0.15769433975219726562,685.0000000000
0.8605816960334778,0.000000,-0.17103528976440429688,686.0000000000
0.8534517288208008,0.000000,-0.18132221698760986328,687.0000000000
0.8429576158523560,0.000000,-0.19513873755931854248,688.0000000000
0.8343856930732727,0.000000,-0.20342566072940826416,689.0000000000
0.8345261812210083,0.000000,-0.14510251581668853760,690.0000000000
0.8275231122970581,0.000000,-0.14706330001354217529,691.0000000000
0.8177433609962463,0.000000,-0.14877434074878692627,692.0000000000
0.8126574158668518,0.000000,-0.14927320182323455811,693.0000000000
0.7997183799743652,0.000000,-0.14984843134880065918,694.0000000000
0.7944788932800293,0.000000,-0.14998979866504669189,695.0000000000
0.7838673591613770,0.000000,-0.15027087926864624023,696.0000000000
0.7837895154953003,0.000000,-0.13093945384025573730,697.0000000000
0.7739374041557312,0.000000,-0.13060252368450164795,698.0000000000
0.7663586735725403,0.000000,-0.13038618862628936768,699.0000000000
0.7733634710311890,0.000000,-0.10280688852071762085,700.0000000000
0.7646296620368958,0.000000,-0.10472364723682403564,701.0000000000
0.7578050494194031,0.000000,-0.10762665420770645142,702.0000000000
0.7506588697433472,0.000000,-0.11113274097442626953,703.0000000000
0.7405232787132263,0.000000,-0.11661753058433532715,704.0000000000
0.7351667881011963,0.000000,-0.11995294690132141113,705.0000000000
0.7420018315315247,0.000000,-0.10365568101406097412,706.0000000000
0.7317022085189819,0.000000,-0.10967524349689483643,707.0000000000
0.7234528660774231,0.000000,-0.11418621987104415894,708.0000000000
0.7308423519134521,0.000000,-0.09951997548341751099,709.0000000000
0.7229241728782654,0.000000,-0.10363210737705230713,710.0000000000
0.7145422101020813,0.000000,-0.10803822427988052368,711.0000000000
0.7262798547744751,0.000000,-0.09190745651721954346,712.0000000000
0.7183587551116943,0.000000,-0.09596063941717147827,713.0000000000
0.7127658128738403,0.000000,-0.09872385859489440918,714.0000000000
0.7282765507698059,0.000000,-0.08177590370178222656,715.0000000000
0.7177891135215759,0.000000,-0.08710616081953048706,716.0000000000
0.7093251943588257,0.000000,-0.09129217267036437988,717.0000000000
0.7259572744369507,0.000000,-0.07689074426889419556,718.0000000000
0.7152787446975708,0.000000,-0.08199695497751235962,719.0000000000
0.7066236138343811,0.000000,-0.08596608042716979980,720.0000000000
0.7268397212028503,0.000000,-0.07095170021057128906,721.0000000000
0.7187828421592712,0.000000,-0.07498076558113098145,722.0000000000
0.7100009322166443,0.000000,-0.07925789803266525269,723.0000000000
0.7292057871818542,0.000000,-0.06714738160371780396,724.0000000000
0.7510028481483459,0.000000,-0.05487869679927825928,725.0000000000
0.7437026500701904,0.000000,-0.05891977623105049133,726.0000000000
0.7357663512229919,0.000000,-0.06334756314754486084,727.0000000000
0.7271162867546082,0.000000,-0.06789711862802505493,728.0000000000
0.7143365740776062,0.000000,-0.07416106760501861572,729.0000000000
0.8096762299537659,0.000000,-0.03040421940386295319,730.0000000000
0.8027998208999634,0.000000,-0.03562017902731895447,731.0000000000
0.7969776391983032,0.000000,-0.03964474424719810486,732.0000000000
0.7905195355415344,0.000000,-0.04374497383832931519,733.0000000000
0.7808061242103577,0.000000,-0.04937376827001571655,734.0000000000
0.7726377844810486,0.000000,-0.05374412983655929565,735.0000000000
0.8468104004859924,0.000000,-0.02892403863370418549,736.0000000000
0.8823489546775818,0.000000,-0.02002659626305103302,737.0000000000
0.9219750761985779,0.000000,-0.01315411459654569626,738.0000000000
0.9173068404197693,0.000000,-0.01841115579009056091,739.0000000000
0.9129414558410645,0.000000,-0.02254140563309192657,740.0000000000
0.9077238440513611,0.000000,-0.02681220509111881256,741.0000000000
0.8992817997932434,0.000000,-0.03272136673331260681,742.0000000000
0.8943428397178650,0.000000,-0.03576736524701118469,743.0000000000
0.8828159570693970,0.000000,-0.04206456989049911499,744.0000000000
0.8689166307449341,0.000000,-0.04897106811404228210,745.0000000000
0.8568389415740967,0.000000,-0.05505723506212234497,746.0000000000
0.8431045413017273,0.000000,-0.06170456856489181519,747.0000000000
-1.3098959922790527,0.000000,-0.42042231559753417969,748.0000000000
0.8914642333984375,0.000000,-0.05709409341216087341,749.0000000000
-1.3430994749069214,0.000000,-0.41202524304389953613,750.0000000000
-1.3327022790908813,0.000000,-0.41251334547996520996,751.0000000000
-1.3760554790496826,0.000000,-0.40402895212173461914,752.0000000000
-1.3708331584930420,0.000000,-0.40426030755043029785,753.0000000000
-1.3601900339126587,0.000000,-0.40470293164253234863,754.0000000000
-1.3520492315292358,0.000000,-0.40498429536819458008,755.0000000000
-1.3929826021194458,0.000000,-0.39637348055839538574,756.0000000000
-1.3847696781158447,0.000000,-0.39611771702766418457,757.0000000000
-0.2534269988536835,0.000000,-0.66327947378158569336,758.0000000000
-0.2517930567264557,0.000000,-0.65573567152023315430,759.0000000000
-0.2497803419828415,0.000000,-0.64533448219299316406,760.0000000000
-0.2483874708414078,0.000000,-0.63736879825592041016,761.0000000000
-0.2470867037773132,0.000000,-0.62933421134948730469,762.0000000000
-0.2458714842796326,0.000000,-0.62127745151519775391,763.0000000000
-0.2443750500679016,0.000000,-0.61056375503540039062,764.0000000000
-0.2433393150568008,0.000000,-0.60258948802947998047,765.0000000000
-0.2423728108406067,0.000000,-0.59469294548034667969,766.0000000000
-0.2411848753690720,0.000000,-0.58432996273040771484,767.0000000000
-0.2403647750616074,0.000000,-0.57671487331390380859,768.0000000000
-0.2393596321344376,0.000000,-0.56681603193283081055,769.0000000000
-0.2386661916971207,0.000000,-0.55959123373031616211,770.0000000000
-0.1525649130344391,0.000000,-0.55236697196960449219,771.0000000000
-0.1521485000848770,0.000000,-0.54510790109634399414,772.0000000000
-0.1248894631862640,0.000000,-0.53536820411682128906,773.0000000000
-0.1245727017521858,0.000000,-0.52802860736846923828,774.0000000000
-0.0841788724064827,0.000000,-0.52065157890319824219,775.0000000000
-0.0839762166142464,0.000000,-0.51323461532592773438,776.0000000000
-0.0837809294462204,0.000000,-0.50578349828720092773,777.0000000000
-0.0835315734148026,0.000000,-0.49580779671669006348,778.0000000000
-0.0833525285124779,0.000000,-0.48830521106719970703,779.0000000000
-0.0831242203712463,0.000000,-0.47828516364097595215,780.0000000000
-0.0829606205224991,0.000000,-0.47076749801635742188,781.0000000000
-0.0828032195568085,0.000000,-0.46325388550758361816,782.0000000000
-0.0826028063893318,0.000000,-0.45325317978858947754,783.0000000000
-0.0824126973748207,0.000000,-0.44328257441520690918,784.0000000000
-0.0822766870260239,0.000000,-0.43583232164382934570,785.0000000000
-0.0821460261940956,0.000000,-0.42841020226478576660,786.0000000000
-0.0820618048310280,0.000000,-0.42348039150238037109,787.0000000000
-0.0818577781319618,0.000000,-0.41498127579689025879,788.0000000000
-0.0816975906491280,0.000000,-0.41614764928817749023,789.0000000000
-0.0455749034881592,0.000000,-0.41790148615837097168,790.0000000000
-0.0455053262412548,0.000000,-0.41975238919258117676,791.0000000000
-0.0454349704086781,0.000000,-0.42159080505371093750,792.0000000000
-0.0453640259802341,0.000000,-0.42340967059135437012,793.0000000000
-0.0452685952186584,0.000000,-0.42581680417060852051,794.0000000000
-0.0451967120170593,0.000000,-0.42761388421058654785,795.0000000000
-0.0451005324721336,0.000000,-0.42999473214149475098,796.0000000000
-0.0450040474534035,0.000000,-0.43235701322555541992,797.0000000000
1.7100348472595215,0.000000,-0.00785109400749206543,798.0000000000
1.7097666263580322,0.000000,-0.01308678556233644485,799.0000000000
1.7081110477447510,0.000000,-0.02356090582907199860,800.0000000000
1.7073339223861694,0.000000,-0.03141808882355690002,801.0000000000
1.7060219049453735,0.000000,-0.04189590364694595337,802.0000000000
1.7038240432739258,0.000000,-0.04975185170769691467,803.0000000000
1.7019460201263428,0.000000,-0.06022426486015319824,804.0000000000
1.7003254890441895,0.000000,-0.06807594001293182373,805.0000000000
1.6975208520889282,0.000000,-0.07592219114303588867,806.0000000000
1.6955339908599854,0.000000,-0.08376377820968627930,807.0000000000
1.6933617591857910,0.000000,-0.09159756451845169067,808.0000000000
1.6901751756668091,0.000000,-0.10202693194150924683,809.0000000000
1.6876062154769897,0.000000,-0.10723619163036346436,810.0000000000
1.6829532384872437,0.000000,-0.12023715674877166748,811.0000000000
1.6799030303955078,0.000000,-0.12802433967590332031,812.0000000000
1.6746728420257568,0.000000,-0.13838765025138854980,813.0000000000
1.6711819171905518,0.000000,-0.14614523947238922119,814.0000000000
1.6666883230209351,0.000000,-0.15388804674148559570,815.0000000000
1.6628165245056152,0.000000,-0.16161642968654632568,816.0000000000
1.6587481498718262,0.000000,-0.16932885348796844482,817.0000000000
1.6544831991195679,0.000000,-0.17702488601207733154,818.0000000000
1.6476017236709595,0.000000,-0.18725863099098205566,819.0000000000
1.6428807973861694,0.000000,-0.19491241872310638428,820.0000000000
1.6362872123718262,0.000000,-0.20508709549903869629,821.0000000000
1.6285203695297241,0.000000,-0.21522608399391174316,822.0000000000
1.6230821609497070,0.000000,-0.22280420362949371338,823.0000000000
1.6174395084381104,0.000000,-0.23036123812198638916,824.0000000000
1.6106783151626587,0.000000,-0.23789519071578979492,825.0000000000
1.6046386957168579,0.000000,-0.24540454149246215820,826.0000000000
1.5962659120559692,0.000000,-0.25537970662117004395,827.0000000000
1.5897525548934937,0.000000,-0.26283052563667297363,828.0000000000
1.5807417631149292,0.000000,-0.27272608876228332520,829.0000000000
1.5737498998641968,0.000000,-0.28011509776115417480,830.0000000000
1.5665452480316162,0.000000,-0.28747695684432983398,831.0000000000
1.5591400861740112,0.000000,-0.29481130838394165039,832.0000000000
1.5489400625228882,0.000000,-0.30454725027084350586,833.0000000000
1.5277140140533447,0.000000,-0.32145547866821289062,834.0000000000
1.5221422910690308,0.000000,-0.32625553011894226074,835.0000000000
1.4988998174667358,0.000000,-0.34530878067016601562,836.0000000000
1.4897893667221069,0.000000,-0.35239344835281372070,837.0000000000
1.4772930145263672,0.000000,-0.36178693175315856934,838.0000000000
1.4676668643951416,0.000000,-0.36879152059555053711,839.0000000000
1.4578154087066650,0.000000,-0.37576138973236083984,840.0000000000
1.4339574575424194,0.000000,-0.39188542962074279785,841.0000000000
1.4233489036560059,0.000000,-0.39873605966567993164,842.0000000000
1.3977024555206299,0.000000,-0.41457748413085937500,843.0000000000
1.3863189220428467,0.000000,-0.42130404710769653320,844.0000000000
1.3628400564193726,0.000000,-0.43464508652687072754,845.0000000000
1.3466523885726929,0.000000,-0.44345355033874511719,846.0000000000
1.3172606229782104,0.000000,-0.45870420336723327637,847.0000000000
1.3042449951171875,0.000000,-0.46517556905746459961,848.0000000000
1.2728812694549561,0.000000,-0.48012197017669677734,849.0000000000
1.2590042352676392,0.000000,-0.48646074533462524414,850.0000000000
1.2441512346267700,0.000000,-0.49276107549667358398,851.0000000000
1.2289619445800781,0.000000,-0.49902135133743286133,852.0000000000
1.2135690450668335,0.000000,-0.50524038076400756836,853.0000000000
1.1877543926239014,0.000000,-0.51551806926727294922,854.0000000000
1.1767181158065796,0.000000,-0.51959681510925292969,855.0000000000
1.1550996303558350,0.000000,-0.52770125865936279297,856.0000000000
1.1383627653121948,0.000000,-0.53373336791992187500,857.0000000000
1.1267312765121460,0.000000,-0.53773295879364013672,858.0000000000
1.0980914831161499,0.000000,-0.54765361547470092773,859.0000000000
1.0723956823348999,0.000000,-0.55551123619079589844,860.0000000000
1.0548862218856812,0.000000,-0.56135809421539306641,861.0000000000
1.0370405912399292,0.000000,-0.56716561317443847656,862.0000000000
1.0127090215682983,0.000000,-0.57484716176986694336,863.0000000000
0.9940452575683594,0.000000,-0.58056169748306274414,864.0000000000
0.9750147461891174,0.000000,-0.58623647689819335938,865.0000000000
0.9556021690368652,0.000000,-0.59187287092208862305,866.0000000000
0.9358008503913879,0.000000,-0.59746944904327392578,867.0000000000
0.9077339172363281,0.000000,-0.60487049818038940430,868.0000000000
0.8799474239349365,0.000000,-0.61220186948776245117,869.0000000000
0.8657641410827637,0.000000,-0.61584079265594482422,870.0000000000
0.8358377218246460,0.000000,-0.62306773662567138672,871.0000000000
0.8059933185577393,0.000000,-0.63022476434707641602,872.0000000000
0.7830064892768860,0.000000,-0.63554793596267700195,873.0000000000
0.7584492564201355,0.000000,-0.64083200693130493164,874.0000000000
0.7261852622032166,0.000000,-0.64781802892684936523,875.0000000000
0.7012747526168823,0.000000,-0.65301227569580078125,876.0000000000
0.5810183882713318,0.000000,-0.67508220672607421875,877.0000000000
0.5419415831565857,0.000000,-0.68173134326934814453,878.0000000000
0.5216956734657288,0.000000,-0.68503063917160034180,879.0000000000
0.4686561822891235,0.000000,-0.69320738315582275391,880.0000000000
0.4463268220424652,0.000000,-0.69644927978515625000,881.0000000000
0.3993307650089264,0.000000,-0.70288503170013427734,882.0000000000
0.3615968227386475,0.000000,-0.70767074823379516602,883.0000000000
0.3211022019386292,0.000000,-0.71242105960845947266,884.0000000000
0.2610734105110168,0.000000,-0.71869933605194091797,885.0000000000
0.2089505940675735,0.000000,-0.72336673736572265625,886.0000000000
0.1171138659119606,0.000000,-0.72953510284423828125,887.0000000000
0.0050621037371457,0.000000,-0.73281198740005493164,888.0000000000
0.0050311880186200,0.000000,-0.73281180858612060547,889.0000000000
0.0049577951431274,0.000000,-0.73281419277191162109,890.0000000000
0.0049166283570230,0.000000,-0.73281484842300415039,891.0000000000
0.0048761568032205,0.000000,-0.73281496763229370117,892.0000000000
0.0048231682740152,0.000000,-0.73281502723693847656,893.0000000000
0.0047970213927329,0.000000,-0.73281496763229370117,894.0000000000
0.0395119972527027,0.000000,-0.73281496763229370117,895.0000000000
0.0391857437789440,0.000000,-0.73281502723693847656,896.0000000000
0.0372389145195484,0.000000,-0.73281508684158325195,897.0000000000
0.0368378125131130,0.000000,-0.73281508684158325195,898.0000000000
0.1930503100156784,0.000000,-0.67191076278686523438,899.0000000000
0.2328747063875198,0.000000,-0.66760629415512084961,900.0000000000
0.2313138991594315,0.000000,-0.66440546512603759766,901.0000000000
0.2292699515819550,0.000000,-0.66018521785736083984,902.0000000000
0.2309305071830750,0.000000,-0.65705680847167968750,903.0000000000
0.2294275164604187,0.000000,-0.65396004915237426758,904.0000000000
0.2279476672410965,0.000000,-0.65089583396911621094,905.0000000000
0.0802296474575996,0.000000,-0.73281514644622802734,906.0000000000
0.0796689763665199,0.000000,-0.73281514644622802734,907.0000000000
0.0791174247860909,0.000000,-0.73281514644622802734,908.0000000000
0.0783958733081818,0.000000,-0.73281502723693847656,909.0000000000
0.0807342678308487,0.000000,-0.73281496763229370117,910.0000000000
0.0775886997580528,0.000000,-0.73281496763229370117,911.0000000000
0.0770927220582962,0.000000,-0.73281496763229370117,912.0000000000
0.0792374834418297,0.000000,-0.73281496763229370117,913.0000000000
0.0812825560569763,0.000000,-0.73281496763229370117,914.0000000000
0.0835738107562065,0.000000,-0.73281490802764892578,915.0000000000
0.0863008797168732,0.000000,-0.73281484842300415039,916.0000000000
0.0898857712745667,0.000000,-0.73281490802764892578,917.0000000000
0.0891499891877174,0.000000,-0.73281496763229370117,918.0000000000
0.0884305536746979,0.000000,-0.73281490802764892578,919.0000000000
0.0879014506936073,0.000000,-0.73281490802764892578,920.0000000000
0.0873810350894928,0.000000,-0.73281496763229370117,921.0000000000
0.0870387777686119,0.000000,-0.73281496763229370117,922.0000000000
0.0861995443701744,0.000000,-0.73281496763229370117,923.0000000000
0.0857067406177521,0.000000,-0.73281508684158325195,924.0000000000
0.0850619077682495,0.000000,-0.73281496763229370117,925.0000000000
0.0845873281359673,0.000000,-0.73281496763229370117,926.0000000000
0.0841202214360237,0.000000,-0.73281502723693847656,927.0000000000
1.4730091094970703,0.000000,-0.00822965335100889206,928.0000000000
1.4727647304534912,0.000000,-0.01443232595920562744,929.0000000000
1.4723101854324341,0.000000,-0.02278871648013591766,930.0000000000
1.4718780517578125,0.000000,-0.02905073575675487518,931.0000000000
1.4713571071624756,0.000000,-0.03530177474021911621,932.0000000000
1.4707432985305786,0.000000,-0.04154049605131149292,933.0000000000
1.4726125001907349,0.000000,-0.04984053224325180054,934.0000000000
1.4756276607513428,0.000000,-0.05602256208658218384,935.0000000000
1.4746618270874023,0.000000,-0.06214694306254386902,936.0000000000
1.4735833406448364,0.000000,-0.06823994964361190796,937.0000000000
1.4719754457473755,0.000000,-0.07632122933864593506,938.0000000000
1.4706426858901978,0.000000,-0.08235047012567520142,939.0000000000
1.4686993360519409,0.000000,-0.09031938761472702026,940.0000000000
1.4670255184173584,0.000000,-0.09600889682769775391,941.0000000000
1.4654060602188110,0.000000,-0.10115286707878112793,942.0000000000
1.5032902956008911,0.000000,-0.10801640897989273071,943.0000000000
1.5020232200622559,0.000000,-0.11313760280609130859,944.0000000000
1.5006328821182251,0.000000,-0.11817015707492828369,945.0000000000
1.5050479173660278,0.000000,-0.12149956822395324707,946.0000000000
1.5023794174194336,0.000000,-0.12975484132766723633,947.0000000000
1.5006574392318726,0.000000,-0.13466128706932067871,948.0000000000
1.5027239322662354,0.000000,-0.13953392207622528076,949.0000000000
1.5001738071441650,0.000000,-0.14596211910247802734,950.0000000000
1.4981102943420410,0.000000,-0.15066838264465332031,951.0000000000
1.4998552799224854,0.000000,-0.15685379505157470703,952.0000000000
1.4976668357849121,0.000000,-0.16143816709518432617,953.0000000000
1.4954367876052856,0.000000,-0.16597588360309600830,954.0000000000
1.4813052415847778,0.000000,-0.18370397388935089111,955.0000000000
1.4782428741455078,0.000000,-0.18806691467761993408,956.0000000000
1.4766732454299927,0.000000,-0.19023221731185913086,957.0000000000
1.4734883308410645,0.000000,-0.19453459978103637695,958.0000000000
1.4710687398910522,0.000000,-0.19769789278507232666,959.0000000000
1.4678204059600830,0.000000,-0.20189347863197326660,960.0000000000
1.4653669595718384,0.000000,-0.20504158735275268555,961.0000000000
1.4628987312316895,0.000000,-0.20819337666034698486,962.0000000000
1.4604187011718750,0.000000,-0.21134859323501586914,963.0000000000
1.4570832252502441,0.000000,-0.21556021273136138916,964.0000000000
1.4545644521713257,0.000000,-0.21872138977050781250,965.0000000000
1.4948091506958008,0.000000,-0.22293776273727416992,966.0000000000
1.4919008016586304,0.000000,-0.22610150277614593506,967.0000000000
1.4893113374710083,0.000000,-0.22926554083824157715,968.0000000000
1.4866987466812134,0.000000,-0.23242856562137603760,969.0000000000
1.4831748008728027,0.000000,-0.23664405941963195801,970.0000000000
1.4804944992065430,0.000000,-0.23980465531349182129,971.0000000000
1.4777902364730835,0.000000,-0.24296185374259948730,972.0000000000
1.4741361141204834,0.000000,-0.24716813862323760986,973.0000000000
1.4722887277603149,0.000000,-0.24926932156085968018,974.0000000000
1.4676071405410767,0.000000,-0.25451564788818359375,975.0000000000
1.4657092094421387,0.000000,-0.25661152601242065430,976.0000000000
1.4618697166442871,0.000000,-0.26079827547073364258,977.0000000000
1.4584369659423828,0.000000,-0.26393273472785949707,978.0000000000
1.4554944038391113,0.000000,-0.26706245541572570801,979.0000000000
1.4514149427413940,0.000000,-0.27124506235122680664,980.0000000000
1.4474140405654907,0.000000,-0.27555161714553833008,981.0000000000
1.4453904628753662,0.000000,-0.27774527668952941895,982.0000000000
1.4412926435470581,0.000000,-0.28219038248062133789,983.0000000000
1.4371931552886963,0.000000,-0.28666168451309204102,984.0000000000
1.4340898990631104,0.000000,-0.29004144668579101562,985.0000000000
1.4309457540512085,0.000000,-0.29344388842582702637,986.0000000000
1.4184962511062622,0.000000,-0.29686775803565979004,987.0000000000
1.4141535758972168,0.000000,-0.30146464705467224121,988.0000000000
1.4075984954833984,0.000000,-0.30493566393852233887,989.0000000000
1.4030491113662720,0.000000,-0.30959331989288330078,990.0000000000
1.3995583057403564,0.000000,-0.31310713291168212891,991.0000000000
1.3959972858428955,0.000000,-0.31663781404495239258,992.0000000000
1.3911303281784058,0.000000,-0.32137656211853027344,993.0000000000
1.3886630535125732,0.000000,-0.32377016544342041016,994.0000000000
1.3836253881454468,0.000000,-0.32858398556709289551,995.0000000000
1.3797504901885986,0.000000,-0.33221355080604553223,996.0000000000
1.3688479661941528,0.000000,-0.33714795112609863281,997.0000000000
1.3646287918090820,0.000000,-0.34093561768531799316,998.0000000000
1.3633656501770020,0.000000,-0.34463846683502197266,999.0000000000
1.3574018478393555,0.000000,-0.34939211606979370117,1000.0000000000
1.3530217409133911,0.000000,-0.35291031002998352051,1001.0000000000
1.3472639322280884,0.000000,-0.35756328701972961426,1002.0000000000
1.3429840803146362,0.000000,-0.36102908849716186523,1003.0000000000
1.3387141227722168,0.000000,-0.36447826027870178223,1004.0000000000
1.3344452381134033,0.000000,-0.36791148781776428223,1005.0000000000
1.3287343978881836,0.000000,-0.37246832251548767090,1006.0000000000
1.3244225978851318,0.000000,-0.37587207555770874023,1007.0000000000
1.3186340332031250,0.000000,-0.38039159774780273438,1008.0000000000
1.3142502307891846,0.000000,-0.38376864790916442871,1009.0000000000
1.3102273941040039,0.000000,-0.38712042570114135742,1010.0000000000
1.3042917251586914,0.000000,-0.39154443144798278809,1011.0000000000
1.2997171878814697,0.000000,-0.39482614398002624512,1012.0000000000
1.2956362962722778,0.000000,-0.39808908104896545410,1013.0000000000
1.3071680068969727,0.000000,-0.40085384249687194824,1014.0000000000
1.3021283149719238,0.000000,-0.40420904755592346191,1015.0000000000
1.2975307703018188,0.000000,-0.40764790773391723633,1016.0000000000
1.2980582714080811,0.000000,-0.40938985347747802734,1017.0000000000
1.2932342290878296,0.000000,-0.41288357973098754883,1018.0000000000
1.2894958257675171,0.000000,-0.41550898551940917969,1019.0000000000
1.2856606245040894,0.000000,-0.41813659667968750000,1020.0000000000
1.2817349433898926,0.000000,-0.42076385021209716797,1021.0000000000
1.2763671875000000,0.000000,-0.42426571249961853027,1022.0000000000
1.2722468376159668,0.000000,-0.42688983678817749023,1023.0000000000
1.2666587829589844,0.000000,-0.43038070201873779297,1024.0000000000
1.2624133825302124,0.000000,-0.43297353386878967285,1025.0000000000
1.2625305652618408,0.000000,-0.43552982807159423828,1026.0000000000
1.2567698955535889,0.000000,-0.43889415264129638672,1027.0000000000
1.2524307966232300,0.000000,-0.44138363003730773926,1028.0000000000
1.2480757236480713,0.000000,-0.44384503364562988281,1029.0000000000
1.2422641515731812,0.000000,-0.44708174467086791992,1030.0000000000
1.2379145622253418,0.000000,-0.44947430491447448730,1031.0000000000
1.2425665855407715,0.000000,-0.45183950662612915039,1032.0000000000
1.2367764711380005,0.000000,-0.45494806766510009766,1033.0000000000
1.2324503660202026,0.000000,-0.45724043250083923340,1034.0000000000
1.2295755147933960,0.000000,-0.45874685049057006836,1035.0000000000
1.2224398851394653,0.000000,-0.46244111657142639160,1036.0000000000
1.2182091474533081,0.000000,-0.46460950374603271484,1037.0000000000
1.2126362323760986,0.000000,-0.46743673086166381836,1038.0000000000
1.2085155248641968,0.000000,-0.46950787305831909180,1039.0000000000
1.2044348716735840,0.000000,-0.47153875231742858887,1040.0000000000
1.2004097700119019,0.000000,-0.47352808713912963867,1041.0000000000
1.1951174736022949,0.000000,-0.47611781954765319824,1042.0000000000
1.1912081241607666,0.000000,-0.47801333665847778320,1043.0000000000
1.1873497962951660,0.000000,-0.47986903786659240723,1044.0000000000
1.1822884082794189,0.000000,-0.48228219151496887207,1045.0000000000
1.1819573640823364,0.000000,-0.48404616117477416992,1046.0000000000
1.1817871332168579,0.000000,-0.48577126860618591309,1047.0000000000
1.1799482107162476,0.000000,-0.48801076412200927734,1048.0000000000
1.1752332448959351,0.000000,-0.49018201231956481934,1049.0000000000
1.1729185581207275,0.000000,-0.49124142527580261230,1050.0000000000
1.1714020967483521,0.000000,-0.49331110715866088867,1051.0000000000
1.1680568456649780,0.000000,-0.49481821060180664062,1052.0000000000
1.1636878252029419,0.000000,-0.49676966667175292969,1053.0000000000
1.1632825136184692,0.000000,-0.49818944931030273438,1054.0000000000
1.1601405143737793,0.000000,-0.49957171082496643066,1055.0000000000
1.1570655107498169,0.000000,-0.50091618299484252930,1056.0000000000
1.1554023027420044,0.000000,-0.50265151262283325195,1057.0000000000
1.1524764299392700,0.000000,-0.50390982627868652344,1058.0000000000
1.1538803577423096,0.000000,-0.50513142347335815430,1059.0000000000
1.1501774787902832,0.000000,-0.50670272111892700195,1060.0000000000
1.1474763154983521,0.000000,-0.50783926248550415039,1061.0000000000
1.1439863443374634,0.000000,-0.50929713249206542969,1062.0000000000
1.1414536237716675,0.000000,-0.51034778356552124023,1063.0000000000
1.1389862298965454,0.000000,-0.51136314868927001953,1064.0000000000
